(0,26,21,1        47)
(0,2        没有路径可达，无穷大)
(0,19,12,3        71)
(0,19,12,3,4        92)
(0,19,18,7,10,5        135)
(0,26,25,16,6        112)
(0,19,18,7        69)
(0,8        没有路径可达，无穷大)
(0,19,18,7,9        77)
(0,19,18,7,10        98)
(0,11        没有路径可达，无穷大)
(0,19,12        63)
(0,13        没有路径可达，无穷大)
(0,14        没有路径可达，无穷大)
(0,19,18,15        79)
(0,26,25,16        73)
(0,26,25,16,17        103)
(0,19,18        36)
(0,19        13)
(0,26,21,1,20        89)
(0,26,21        16)
(0,26,25,16,6,22        157)
(0,23        没有路径可达，无穷大)
(0,26,21,24        66)
(0,26,25        37)
(0,26        3)
(1,20,10,4,0        78)
(1,2        没有路径可达，无穷大)
(1,20,19,12,3        106)
(1,20,10,4        61)
(1,20,10,5        50)
(1,25,16,6        90)
(1,20,19,18,7        104)
(1,8        没有路径可达，无穷大)
(1,20,10,5,9        89)
(1,20,10        15)
(1,11        没有路径可达，无穷大)
(1,20,19,12        98)
(1,13        没有路径可达，无穷大)
(1,14        没有路径可达，无穷大)
(1,20,19,18,15        114)
(1,25,16        51)
(1,25,16,17        81)
(1,20,19,18        71)
(1,20,19        48)
(1,20        4)
(1,20,19,18,15,21        147)
(1,25,16,6,22        135)
(1,23        没有路径可达，无穷大)
(1,24        没有路径可达，无穷大)
(1,25        15)
(1,25,16,6,26        95)
(2,15,0        62)
(2,25,1        98)
(2,15,0,19,12,3        204)
(2,25,1,20,10,4        159)
(2,25,1,20,10,5        148)
(2,25,16,6        125)
(2,15,0,19,18,7        202)
(2,8        没有路径可达，无穷大)
(2,25,1,20,10,5,9        187)
(2,25,1,20,10        113)
(2,11        没有路径可达，无穷大)
(2,15,0,19,12        196)
(2,13        没有路径可达，无穷大)
(2,14        没有路径可达，无穷大)
(2,15        44)
(2,25,16        86)
(2,25,16,17        116)
(2,15,0,19,18        169)
(2,15,0,19        75)
(2,25,1,20        102)
(2,15,21        77)
(2,25,16,6,22        170)
(2,23        没有路径可达，无穷大)
(2,24        没有路径可达，无穷大)
(2,25        50)
(2,15,0,26        65)
(3,4,0        38)
(3,4,0,19,12,1        129)
(3,2        没有路径可达，无穷大)
(3,4        21)
(3,5        没有路径可达，无穷大)
(3,6        没有路径可达，无穷大)
(3,4,0,19,18,7        119)
(3,8        没有路径可达，无穷大)
(3,4,0,19,18,7,9        127)
(3,4,0,19,18,7,10        148)
(3,11        没有路径可达，无穷大)
(3,4,0,19,12        113)
(3,13        没有路径可达，无穷大)
(3,14        没有路径可达，无穷大)
(3,4,0,19,18,15        129)
(3,16        没有路径可达，无穷大)
(3,4,17        61)
(3,4,0,19,18        86)
(3,4,0,19        63)
(3,4,0,19,12,1,20        133)
(3,4,0,19,18,15,21        162)
(3,22        没有路径可达，无穷大)
(3,23        没有路径可达，无穷大)
(3,24        没有路径可达，无穷大)
(3,4,0,19,12,1,25        144)
(3,4,0,26        53)
(4,0        17)
(4,0,19,12,1        96)
(4,2        没有路径可达，无穷大)
(4,0,19,12,3        88)
(4,5        没有路径可达，无穷大)
(4,6        没有路径可达，无穷大)
(4,0,19,18,7        86)
(4,8        没有路径可达，无穷大)
(4,0,19,18,7,9        94)
(4,0,19,18,7,10        115)
(4,11        没有路径可达，无穷大)
(4,0,19,12        80)
(4,13        没有路径可达，无穷大)
(4,14        没有路径可达，无穷大)
(4,0,19,18,15        96)
(4,0,19,12,1,25,16        147)
(4,17        40)
(4,0,19,18        53)
(4,0,19        30)
(4,0,19,12,1,20        100)
(4,0,19,18,15,21        129)
(4,22        没有路径可达，无穷大)
(4,23        没有路径可达，无穷大)
(4,24        没有路径可达，无穷大)
(4,0,19,12,1,25        111)
(4,0,26        20)
(5,9,1,20,10,4,0        146)
(5,9,1        39)
(5,2        没有路径可达，无穷大)
(5,9,1,20,19,12,3        174)
(5,9,1,20,10,4        129)
(5,25,16,6        95)
(5,9,18,7        172)
(5,8        没有路径可达，无穷大)
(5,9        39)
(5,9,1,20,10        83)
(5,11        没有路径可达，无穷大)
(5,9,1,20,19,12        166)
(5,13        没有路径可达，无穷大)
(5,14        没有路径可达，无穷大)
(5,9,18,15        182)
(5,25,16        56)
(5,25,16,17        86)
(5,9,18        83)
(5,9,1,20,19        116)
(5,9,1,20        72)
(5,9,18,15,21        215)
(5,25,16,6,22        140)
(5,23        没有路径可达，无穷大)
(5,24        没有路径可达，无穷大)
(5,25        20)
(5,25,16,6,26        100)
(6,26,21,1,20,10,4,0        165)
(6,26,21,1        49)
(6,2        没有路径可达，无穷大)
(6,26,21,1,20,19,12,3        193)
(6,26,21,1,20,10,4        148)
(6,26,21,1,20,10,5        137)
(6,22,7        80)
(6,8        没有路径可达，无穷大)
(6,22,7,9        88)
(6,26,21,1,20,10        102)
(6,11        没有路径可达，无穷大)
(6,26,21,1,20,19,12        185)
(6,13        没有路径可达，无穷大)
(6,14        没有路径可达，无穷大)
(6,26,21,1,20,19,18,15        201)
(6,26,25,16        75)
(6,26,25,16,17        105)
(6,26,21,1,20,19,18        158)
(6,26,21,1,20,19        135)
(6,26,21,1,20        91)
(6,26,21        18)
(6,22        45)
(6,23        没有路径可达，无穷大)
(6,26,21,24        68)
(6,26,25        39)
(6,26        5)
(7,10,4,0        92)
(7,9,1        8)
(7,2        没有路径可达，无穷大)
(7,3        没有路径可达，无穷大)
(7,10,4        75)
(7,10,5        64)
(7,6        没有路径可达，无穷大)
(7,8        没有路径可达，无穷大)
(7,9        8)
(7,10        29)
(7,11        没有路径可达，无穷大)
(7,12        没有路径可达，无穷大)
(7,13        没有路径可达，无穷大)
(7,14        没有路径可达，无穷大)
(7,15        没有路径可达，无穷大)
(7,16        没有路径可达，无穷大)
(7,10,4,17        115)
(7,9,18        52)
(7,10,4,0,19        105)
(7,9,1,20        12)
(7,21        没有路径可达，无穷大)
(7,22        没有路径可达，无穷大)
(7,23        没有路径可达，无穷大)
(7,24        没有路径可达，无穷大)
(7,9,1,25        23)
(7,10,4,0,26        95)
(8,0        3)
(8,0,19,12,1        82)
(8,2        没有路径可达，无穷大)
(8,0,19,12,3        74)
(8,0,19,12,3,4        95)
(8,5        17)
(8,6        没有路径可达，无穷大)
(8,0,19,18,7        72)
(8,5,9        56)
(8,0,19,18,7,10        101)
(8,11        没有路径可达，无穷大)
(8,0,19,12        66)
(8,13        没有路径可达，无穷大)
(8,14        没有路径可达，无穷大)
(8,0,19,18,15        82)
(8,5,25,16        73)
(8,0,19,12,3,4,17        135)
(8,0,19,18        39)
(8,0,19        16)
(8,0,19,12,1,20        86)
(8,0,19,18,15,21        115)
(8,22        没有路径可达，无穷大)
(8,23        没有路径可达，无穷大)
(8,24        没有路径可达，无穷大)
(8,5,25        37)
(8,0,26        6)
(9,18,15,0        105)
(9,1        0)
(9,2        没有路径可达，无穷大)
(9,3        没有路径可达，无穷大)
(9,4        没有路径可达，无穷大)
(9,5        没有路径可达，无穷大)
(9,6        没有路径可达，无穷大)
(9,18,7        77)
(9,8        没有路径可达，无穷大)
(9,18,7,10        106)
(9,11        没有路径可达，无穷大)
(9,12        没有路径可达，无穷大)
(9,13        没有路径可达，无穷大)
(9,14        没有路径可达，无穷大)
(9,18,15        87)
(9,16        没有路径可达，无穷大)
(9,17        没有路径可达，无穷大)
(9,18        44)
(9,18,15,0,19        118)
(9,1,20        4)
(9,18,15,21        120)
(9,22        没有路径可达，无穷大)
(9,23        没有路径可达，无穷大)
(9,24        没有路径可达，无穷大)
(9,1,25        15)
(9,18,15,0,26        108)
(10,4,0        63)
(10,1        没有路径可达，无穷大)
(10,2        没有路径可达，无穷大)
(10,3        没有路径可达，无穷大)
(10,4        46)
(10,5        35)
(10,6        没有路径可达，无穷大)
(10,7        没有路径可达，无穷大)
(10,8        没有路径可达，无穷大)
(10,5,9        74)
(10,11        没有路径可达，无穷大)
(10,12        没有路径可达，无穷大)
(10,13        没有路径可达，无穷大)
(10,14        没有路径可达，无穷大)
(10,15        没有路径可达，无穷大)
(10,16        没有路径可达，无穷大)
(10,4,17        86)
(10,18        没有路径可达，无穷大)
(10,4,0,19        76)
(10,20        没有路径可达，无穷大)
(10,21        没有路径可达，无穷大)
(10,22        没有路径可达，无穷大)
(10,23        没有路径可达，无穷大)
(10,24        没有路径可达，无穷大)
(10,5,25        55)
(10,4,0,26        66)
(11,26,21,1,20,10,4,0        198)
(11,26,21,1        82)
(11,2        24)
(11,26,21,1,20,19,12,3        226)
(11,26,21,1,20,10,4        181)
(11,26,21,1,20,10,5        170)
(11,26,25,16,6        147)
(11,26,21,1,20,19,18,7        224)
(11,8        没有路径可达，无穷大)
(11,26,21,1,20,10,5,9        209)
(11,26,21,1,20,10        135)
(11,26,21,1,20,19,12        218)
(11,13        没有路径可达，无穷大)
(11,14        没有路径可达，无穷大)
(11,2,15        68)
(11,26,25,16        108)
(11,26,25,16,17        138)
(11,26,21,1,20,19,18        191)
(11,26,21,1,20,19        168)
(11,26,21,1,20        124)
(11,26,21        51)
(11,26,25,16,6,22        192)
(11,23        没有路径可达，无穷大)
(11,26,21,24        101)
(11,26,25        72)
(11,26        38)
(12,3,4,0        46)
(12,1        16)
(12,2        没有路径可达，无穷大)
(12,3        8)
(12,3,4        29)
(12,1,20,10,5        66)
(12,6        没有路径可达，无穷大)
(12,1,20,19,18,7        120)
(12,8        没有路径可达，无穷大)
(12,1,20,19,18,7,9        128)
(12,1,20,10        31)
(12,11        没有路径可达，无穷大)
(12,13        没有路径可达，无穷大)
(12,14        没有路径可达，无穷大)
(12,1,20,19,18,15        130)
(12,1,25,16        67)
(12,3,4,17        69)
(12,1,20,19,18        87)
(12,1,20,19        64)
(12,1,20        20)
(12,1,20,19,18,15,21        163)
(12,22        没有路径可达，无穷大)
(12,23        没有路径可达，无穷大)
(12,24        没有路径可达，无穷大)
(12,1,25        31)
(12,3,4,0,26        61)
(13,24,23,8,0        68)
(13,21,1        41)
(13,2        没有路径可达，无穷大)
(13,3        没有路径可达，无穷大)
(13,24,10,4        122)
(13,24,23,8,5        82)
(13,6        没有路径可达，无穷大)
(13,7        没有路径可达，无穷大)
(13,24,23,8        65)
(13,24,23,8,5,9        121)
(13,24,10        76)
(13,11        没有路径可达，无穷大)
(13,24,23,8,0,19,12        131)
(13,14        没有路径可达，无穷大)
(13,15        没有路径可达，无穷大)
(13,16        没有路径可达，无穷大)
(13,24,10,4,17        162)
(13,24,23,8,0,19,18        104)
(13,24,23,8,0,19        81)
(13,21,1,20        45)
(13,21        10)
(13,22        没有路径可达，无穷大)
(13,24,23        49)
(13,24        27)
(13,21,1,25        56)
(13,24,23,8,0,26        71)
(14,24,23,8,0        66)
(14,24,23,8,5,9,1        119)
(14,2        没有路径可达，无穷大)
(14,20,19,12,3        144)
(14,20,10,4        99)
(14,24,23,8,5        80)
(14,6        没有路径可达，无穷大)
(14,20,19,18,7        142)
(14,24,23,8        63)
(14,24,23,8,5,9        119)
(14,20,10        53)
(14,11        没有路径可达，无穷大)
(14,20,19,12        136)
(14,13        没有路径可达，无穷大)
(14,20,19,18,15        152)
(14,16        没有路径可达，无穷大)
(14,20,10,4,17        139)
(14,20,19,18        109)
(14,20,19        86)
(14,20        42)
(14,20,19,18,15,21        185)
(14,22        没有路径可达，无穷大)
(14,24,23        47)
(14,24        25)
(14,24,23,8,5,25        100)
(14,24,23,8,0,26        173)
(15,0        18)
(15,21,1        64)
(15,2        没有路径可达，无穷大)
(15,0,19,12,3        89)
(15,0,19,12,3,4        110)
(15,0,19,18,7,10,5        151)
(15,6        没有路径可达，无穷大)
(15,0,19,18,7        87)
(15,8        没有路径可达，无穷大)
(15,0,19,18,7,9        95)
(15,0,19,18,7,10        116)
(15,11        没有路径可达，无穷大)
(15,0,19,12        81)
(15,13        没有路径可达，无穷大)
(15,14        没有路径可达，无穷大)
(15,21,1,25,16        115)
(15,0,19,12,3,4,17        150)
(15,0,19,18        54)
(15,0,19        31)
(15,21,1,20        68)
(15,21        33)
(15,22        没有路径可达，无穷大)
(15,23        没有路径可达，无穷大)
(15,21,24        83)
(15,21,1,25        79)
(15,0,26        21)
(16,17,0        42)
(16,1        没有路径可达，无穷大)
(16,2        没有路径可达，无穷大)
(16,3        没有路径可达，无穷大)
(16,4        没有路径可达，无穷大)
(16,5        没有路径可达，无穷大)
(16,6        39)
(16,7        没有路径可达，无穷大)
(16,8        没有路径可达，无穷大)
(16,9        没有路径可达，无穷大)
(16,10        没有路径可达，无穷大)
(16,11        没有路径可达，无穷大)
(16,12        没有路径可达，无穷大)
(16,13        没有路径可达，无穷大)
(16,14        没有路径可达，无穷大)
(16,15        没有路径可达，无穷大)
(16,17        30)
(16,18        没有路径可达，无穷大)
(16,17,0,19        55)
(16,20        没有路径可达，无穷大)
(16,21        没有路径可达，无穷大)
(16,6,22        84)
(16,23        没有路径可达，无穷大)
(16,24        没有路径可达，无穷大)
(16,25        没有路径可达，无穷大)
(16,17,26        36)
(17,0        12)
(17,26,21,1        50)
(17,2        没有路径可达，无穷大)
(17,0,19,12,3        83)
(17,0,19,12,3,4        104)
(17,0,19,18,7,10,5        153)
(17,26,25,16,6        115)
(17,0,19,18,7        81)
(17,8        没有路径可达，无穷大)
(17,0,19,18,7,9        89)
(17,0,19,18,7,10        110)
(17,11        没有路径可达，无穷大)
(17,0,19,12        75)
(17,13        没有路径可达，无穷大)
(17,14        没有路径可达，无穷大)
(17,0,19,18,15        91)
(17,26,25,16        76)
(17,0,19,18        48)
(17,0,19        25)
(17,26,21,1,20        54)
(17,26,21        19)
(17,26,25,16,6,22        160)
(17,26,21,24,23        91)
(17,26,21,24        69)
(17,26,25        40)
(17,26        6)
(18,15,0        61)
(18,1        没有路径可达，无穷大)
(18,2        没有路径可达，无穷大)
(18,3        没有路径可达，无穷大)
(18,4        没有路径可达，无穷大)
(18,5        没有路径可达，无穷大)
(18,6        没有路径可达，无穷大)
(18,7        33)
(18,8        没有路径可达，无穷大)
(18,7,9        41)
(18,7,10        62)
(18,11        没有路径可达，无穷大)
(18,12        没有路径可达，无穷大)
(18,13        没有路径可达，无穷大)
(18,14        没有路径可达，无穷大)
(18,15        43)
(18,16        没有路径可达，无穷大)
(18,17        没有路径可达，无穷大)
(18,15,0,19        74)
(18,20        没有路径可达，无穷大)
(18,15,21        76)
(18,22        没有路径可达，无穷大)
(18,23        没有路径可达，无穷大)
(18,24        没有路径可达，无穷大)
(18,25        没有路径可达，无穷大)
(18,15,0,26        64)
(19,18,15,0        84)
(19,12,1        66)
(19,2        没有路径可达，无穷大)
(19,12,3        58)
(19,12,3,4        79)
(19,5        没有路径可达，无穷大)
(19,6        没有路径可达，无穷大)
(19,18,7        56)
(19,8        没有路径可达，无穷大)
(19,18,7,9        64)
(19,18,7,10        85)
(19,11        没有路径可达，无穷大)
(19,12        50)
(19,13        没有路径可达，无穷大)
(19,14        没有路径可达，无穷大)
(19,18,15        66)
(19,16        没有路径可达，无穷大)
(19,17        没有路径可达，无穷大)
(19,18        23)
(19,12,1,20        70)
(19,18,15,21        99)
(19,22        没有路径可达，无穷大)
(19,23        没有路径可达，无穷大)
(19,24        没有路径可达，无穷大)
(19,12,1,25        81)
(19,18,15,0,26        87)
(20,10,4,0        74)
(20,19,12,1        110)
(20,2        没有路径可达，无穷大)
(20,19,12,3        102)
(20,10,4        57)
(20,10,5        46)
(20,6        没有路径可达，无穷大)
(20,19,18,7        100)
(20,8        没有路径可达，无穷大)
(20,10,5,9        85)
(20,10        11)
(20,11        没有路径可达，无穷大)
(20,19,12        94)
(20,13        没有路径可达，无穷大)
(20,14        没有路径可达，无穷大)
(20,19,18,15        110)
(20,16        没有路径可达，无穷大)
(20,10,4,17        97)
(20,19,18        67)
(20,19        44)
(20,19,18,15,21        143)
(20,22        没有路径可达，无穷大)
(20,23        没有路径可达，无穷大)
(20,24        没有路径可达，无穷大)
(20,10,5,25        66)
(20,10,4,0,26        131)
(21,24,23,8,0        91)
(21,1        31)
(21,2        没有路径可达，无穷大)
(21,3        没有路径可达，无穷大)
(21,24,10,4        145)
(21,24,23,8,5        105)
(21,6        没有路径可达，无穷大)
(21,7        没有路径可达，无穷大)
(21,24,23,8        88)
(21,24,23,8,5,9        144)
(21,24,10        99)
(21,11        没有路径可达，无穷大)
(21,12        没有路径可达，无穷大)
(21,13        没有路径可达，无穷大)
(21,14        没有路径可达，无穷大)
(21,15        没有路径可达，无穷大)
(21,16        没有路径可达，无穷大)
(21,24,10,4,17        185)
(21,18        没有路径可达，无穷大)
(21,24,23,8,0,19        104)
(21,1,20        35)
(21,22        没有路径可达，无穷大)
(21,24,23        72)
(21,24        50)
(21,1,25        46)
(21,24,23,8,0,26        94)
(22,0        没有路径可达，无穷大)
(22,1        没有路径可达，无穷大)
(22,2        没有路径可达，无穷大)
(22,3        没有路径可达，无穷大)
(22,4        没有路径可达，无穷大)
(22,5        没有路径可达，无穷大)
(22,6        46)
(22,7        35)
(22,8        没有路径可达，无穷大)
(22,7,9        43)
(22,7,10        64)
(22,11        没有路径可达，无穷大)
(22,12        没有路径可达，无穷大)
(22,13        没有路径可达，无穷大)
(22,14        没有路径可达，无穷大)
(22,15        没有路径可达，无穷大)
(22,16        没有路径可达，无穷大)
(22,17        没有路径可达，无穷大)
(22,18        没有路径可达，无穷大)
(22,19        没有路径可达，无穷大)
(22,20        没有路径可达，无穷大)
(22,21        没有路径可达，无穷大)
(22,23        没有路径可达，无穷大)
(22,24        没有路径可达，无穷大)
(22,25        没有路径可达，无穷大)
(22,6,26        51)
(23,8,0        19)
(23,1        没有路径可达，无穷大)
(23,2        没有路径可达，无穷大)
(23,3        没有路径可达，无穷大)
(23,24,10,4        102)
(23,8,5        33)
(23,6        没有路径可达，无穷大)
(23,7        没有路径可达，无穷大)
(23,8        16)
(23,9        没有路径可达，无穷大)
(23,24,10        56)
(23,11        没有路径可达，无穷大)
(23,12        没有路径可达，无穷大)
(23,13        没有路径可达，无穷大)
(23,14        没有路径可达，无穷大)
(23,15        没有路径可达，无穷大)
(23,16        没有路径可达，无穷大)
(23,24,10,4,17        142)
(23,18        没有路径可达，无穷大)
(23,8,0,19        32)
(23,20        没有路径可达，无穷大)
(23,21        没有路径可达，无穷大)
(23,22        没有路径可达，无穷大)
(23,24        7)
(23,25        没有路径可达，无穷大)
(23,8,0,26        22)
(24,23,8,0        41)
(24,1        没有路径可达，无穷大)
(24,2        没有路径可达，无穷大)
(24,3        没有路径可达，无穷大)
(24,10,4        95)
(24,23,8,5        55)
(24,6        没有路径可达，无穷大)
(24,7        没有路径可达，无穷大)
(24,23,8        38)
(24,9        没有路径可达，无穷大)
(24,10        49)
(24,11        没有路径可达，无穷大)
(24,12        没有路径可达，无穷大)
(24,13        没有路径可达，无穷大)
(24,14        没有路径可达，无穷大)
(24,15        没有路径可达，无穷大)
(24,16        没有路径可达，无穷大)
(24,10,4,17        135)
(24,18        没有路径可达，无穷大)
(24,23,8,0,19        54)
(24,20        没有路径可达，无穷大)
(24,21        没有路径可达，无穷大)
(24,22        没有路径可达，无穷大)
(24,23        22)
(24,25        没有路径可达，无穷大)
(24,23,8,0,26        44)
(25,16,17,0        78)
(25,1        48)
(25,2        没有路径可达，无穷大)
(25,16,17,0,19,12,3        154)
(25,1,20,10,4        109)
(25,1,20,10,5        98)
(25,16,6        75)
(25,16,17,0,19,18,7        152)
(25,8        没有路径可达，无穷大)
(25,1,20,10,5,9        137)
(25,1,20,10        63)
(25,11        没有路径可达，无穷大)
(25,16,17,0,19,12        146)
(25,13        没有路径可达，无穷大)
(25,14        没有路径可达，无穷大)
(25,16,17,0,19,18,15        162)
(25,16        36)
(25,16,17        66)
(25,16,17,0,19,18        119)
(25,16,17,0,19        91)
(25,1,20        52)
(25,16,17,0,19,18,15,21        195)
(25,16,6,22        120)
(25,23        没有路径可达，无穷大)
(25,24        没有路径可达，无穷大)
(25,16,17,26        72)
(26,21,1,20,10,4,0        160)
(26,21,1        44)
(26,2        没有路径可达，无穷大)
(26,3        没有路径可达，无穷大)
(26,21,1,20,10,4        143)
(26,21,1,20,10,5        132)
(26,25,16,6        109)
(26,21,1,20,19,18,7        186)
(26,8        没有路径可达，无穷大)
(26,21,1,20,10,5,9        171)
(26,21,1,20,10        97)
(26,11        没有路径可达，无穷大)
(26,21,1,20,19,12        180)
(26,13        没有路径可达，无穷大)
(26,14        没有路径可达，无穷大)
(26,21,1,20,19,18,15        196)
(26,25,16        70)
(26,25,16,17        100)
(26,21,1,20,19,18        153)
(26,21,1,20,19        130)
(26,21,1,20        86)
(26,21        13)
(26,25,16,6,22        154)
(26,23        没有路径可达，无穷大)
(26,21,24        63)
(26,25        34)
