(0,19,1        13)
(0,2        没有路径可达，无穷大)
(0,3        没有路径可达，无穷大)
(0,4        没有路径可达，无穷大)
(0,5        没有路径可达，无穷大)
(0,6        没有路径可达，无穷大)
(0,7        没有路径可达，无穷大)
(0,8        没有路径可达，无穷大)
(0,9        没有路径可达，无穷大)
(0,10        没有路径可达，无穷大)
(0,11        没有路径可达，无穷大)
(0,12        没有路径可达，无穷大)
(0,13        没有路径可达，无穷大)
(0,14        没有路径可达，无穷大)
(0,15        没有路径可达，无穷大)
(0,16        没有路径可达，无穷大)
(0,17        没有路径可达，无穷大)
(0,18        没有路径可达，无穷大)
(0,19        13)
(0,20        没有路径可达，无穷大)
(0,21        没有路径可达，无穷大)
(0,22        没有路径可达，无穷大)
(0,23        没有路径可达，无穷大)
(0,24        没有路径可达，无穷大)
(0,25        没有路径可达，无穷大)
(0,19,1,26        16)
(1,0        没有路径可达，无穷大)
(1,2        没有路径可达，无穷大)
(1,3        没有路径可达，无穷大)
(1,4        没有路径可达，无穷大)
(1,5        没有路径可达，无穷大)
(1,6        没有路径可达，无穷大)
(1,7        没有路径可达，无穷大)
(1,8        没有路径可达，无穷大)
(1,26,16,9        32)
(1,26,16,9,10        35)
(1,11        没有路径可达，无穷大)
(1,12        没有路径可达，无穷大)
(1,13        没有路径可达，无穷大)
(1,14        没有路径可达，无穷大)
(1,15        没有路径可达，无穷大)
(1,26,16        24)
(1,17        没有路径可达，无穷大)
(1,18        没有路径可达，无穷大)
(1,19        没有路径可达，无穷大)
(1,20        没有路径可达，无穷大)
(1,21        没有路径可达，无穷大)
(1,22        没有路径可达，无穷大)
(1,23        没有路径可达，无穷大)
(1,24        没有路径可达，无穷大)
(1,25        没有路径可达，无穷大)
(1,26        3)
(2,0        没有路径可达，无穷大)
(2,1        4)
(2,3        没有路径可达，无穷大)
(2,4        没有路径可达，无穷大)
(2,5        没有路径可达，无穷大)
(2,6        没有路径可达，无穷大)
(2,7        没有路径可达，无穷大)
(2,8        没有路径可达，无穷大)
(2,9        没有路径可达，无穷大)
(2,10        没有路径可达，无穷大)
(2,11        没有路径可达，无穷大)
(2,12        没有路径可达，无穷大)
(2,13        没有路径可达，无穷大)
(2,14        没有路径可达，无穷大)
(2,15        没有路径可达，无穷大)
(2,16        没有路径可达，无穷大)
(2,17        没有路径可达，无穷大)
(2,18        没有路径可达，无穷大)
(2,19        没有路径可达，无穷大)
(2,20        没有路径可达，无穷大)
(2,21        没有路径可达，无穷大)
(2,22        没有路径可达，无穷大)
(2,23        没有路径可达，无穷大)
(2,24        没有路径可达，无穷大)
(2,25        没有路径可达，无穷大)
(2,1,26        7)
(3,0        没有路径可达，无穷大)
(3,1        没有路径可达，无穷大)
(3,2        没有路径可达，无穷大)
(3,4        没有路径可达，无穷大)
(3,5        没有路径可达，无穷大)
(3,24,11,6        122)
(3,7        没有路径可达，无穷大)
(3,8        没有路径可达，无穷大)
(3,9        没有路径可达，无穷大)
(3,10        没有路径可达，无穷大)
(3,24,11        79)
(3,12        没有路径可达，无穷大)
(3,13        没有路径可达，无穷大)
(3,14        没有路径可达，无穷大)
(3,24,11,6,15        122)
(3,16        没有路径可达，无穷大)
(3,17        没有路径可达，无穷大)
(3,18        没有路径可达，无穷大)
(3,19        没有路径可达，无穷大)
(3,20        没有路径可达，无穷大)
(3,21        没有路径可达，无穷大)
(3,22        没有路径可达，无穷大)
(3,23        没有路径可达，无穷大)
(3,24        41)
(3,25        没有路径可达，无穷大)
(3,26        没有路径可达，无穷大)
(4,17,0        49)
(4,1        没有路径可达，无穷大)
(4,2        没有路径可达，无穷大)
(4,3        没有路径可达，无穷大)
(4,5        没有路径可达，无穷大)
(4,6        没有路径可达，无穷大)
(4,7        没有路径可达，无穷大)
(4,8        没有路径可达，无穷大)
(4,9        没有路径可达，无穷大)
(4,10        没有路径可达，无穷大)
(4,11        没有路径可达，无穷大)
(4,12        没有路径可达，无穷大)
(4,13        没有路径可达，无穷大)
(4,14        没有路径可达，无穷大)
(4,15        没有路径可达，无穷大)
(4,16        没有路径可达，无穷大)
(4,17        46)
(4,18        没有路径可达，无穷大)
(4,17,0,19        62)
(4,20        没有路径可达，无穷大)
(4,21        没有路径可达，无穷大)
(4,22        没有路径可达，无穷大)
(4,23        没有路径可达，无穷大)
(4,24        没有路径可达，无穷大)
(4,25        没有路径可达，无穷大)
(4,26        没有路径可达，无穷大)
(5,0        没有路径可达，无穷大)
(5,23,2,1        35)
(5,23,2        31)
(5,3        没有路径可达，无穷大)
(5,4        没有路径可达，无穷大)
(5,6        没有路径可达，无穷大)
(5,7        没有路径可达，无穷大)
(5,8        没有路径可达，无穷大)
(5,9        没有路径可达，无穷大)
(5,10        没有路径可达，无穷大)
(5,11        没有路径可达，无穷大)
(5,12        没有路径可达，无穷大)
(5,13        没有路径可达，无穷大)
(5,14        没有路径可达，无穷大)
(5,15        没有路径可达，无穷大)
(5,16        没有路径可达，无穷大)
(5,17        没有路径可达，无穷大)
(5,18        没有路径可达，无穷大)
(5,19        没有路径可达，无穷大)
(5,20        没有路径可达，无穷大)
(5,21        没有路径可达，无穷大)
(5,22        没有路径可达，无穷大)
(5,23        7)
(5,24        没有路径可达，无穷大)
(5,25        没有路径可达，无穷大)
(5,23,2,1,26        38)
(6,0        没有路径可达，无穷大)
(6,1        没有路径可达，无穷大)
(6,2        没有路径可达，无穷大)
(6,3        没有路径可达，无穷大)
(6,4        没有路径可达，无穷大)
(6,5        没有路径可达，无穷大)
(6,7        没有路径可达，无穷大)
(6,8        没有路径可达，无穷大)
(6,9        没有路径可达，无穷大)
(6,15,10        29)
(6,11        没有路径可达，无穷大)
(6,12        没有路径可达，无穷大)
(6,13        没有路径可达，无穷大)
(6,15,10,14        31)
(6,15        0)
(6,16        没有路径可达，无穷大)
(6,17        没有路径可达，无穷大)
(6,18        没有路径可达，无穷大)
(6,19        没有路径可达，无穷大)
(6,20        没有路径可达，无穷大)
(6,21        没有路径可达，无穷大)
(6,22        没有路径可达，无穷大)
(6,23        没有路径可达，无穷大)
(6,24        没有路径可达，无穷大)
(6,25        没有路径可达，无穷大)
(6,26        没有路径可达，无穷大)
(7,0        没有路径可达，无穷大)
(7,2,1        44)
(7,2        40)
(7,3        没有路径可达，无穷大)
(7,4        没有路径可达，无穷大)
(7,5        没有路径可达，无穷大)
(7,6        没有路径可达，无穷大)
(7,8        没有路径可达，无穷大)
(7,9        没有路径可达，无穷大)
(7,10        没有路径可达，无穷大)
(7,11        没有路径可达，无穷大)
(7,12        没有路径可达，无穷大)
(7,13        没有路径可达，无穷大)
(7,14        没有路径可达，无穷大)
(7,15        没有路径可达，无穷大)
(7,16        没有路径可达，无穷大)
(7,17        没有路径可达，无穷大)
(7,18        没有路径可达，无穷大)
(7,19        没有路径可达，无穷大)
(7,20        没有路径可达，无穷大)
(7,21        没有路径可达，无穷大)
(7,22        没有路径可达，无穷大)
(7,23        没有路径可达，无穷大)
(7,24        没有路径可达，无穷大)
(7,25        没有路径可达，无穷大)
(7,2,1,26        47)
(8,0        没有路径可达，无穷大)
(8,1        没有路径可达，无穷大)
(8,2        没有路径可达，无穷大)
(8,3        没有路径可达，无穷大)
(8,4        没有路径可达，无穷大)
(8,5        33)
(8,6        没有路径可达，无穷大)
(8,7        没有路径可达，无穷大)
(8,9        没有路径可达，无穷大)
(8,10        没有路径可达，无穷大)
(8,11        没有路径可达，无穷大)
(8,12        没有路径可达，无穷大)
(8,13        没有路径可达，无穷大)
(8,14        没有路径可达，无穷大)
(8,15        没有路径可达，无穷大)
(8,16        没有路径可达，无穷大)
(8,17        没有路径可达，无穷大)
(8,18        没有路径可达，无穷大)
(8,19        没有路径可达，无穷大)
(8,20        没有路径可达，无穷大)
(8,21        没有路径可达，无穷大)
(8,22        没有路径可达，无穷大)
(8,5,23        40)
(8,24        没有路径可达，无穷大)
(8,25        没有路径可达，无穷大)
(8,26        没有路径可达，无穷大)
(9,0        没有路径可达，无穷大)
(9,1        没有路径可达，无穷大)
(9,2        没有路径可达，无穷大)
(9,3        没有路径可达，无穷大)
(9,4        没有路径可达，无穷大)
(9,5        没有路径可达，无穷大)
(9,6        没有路径可达，无穷大)
(9,7        没有路径可达，无穷大)
(9,8        没有路径可达，无穷大)
(9,10        3)
(9,11        没有路径可达，无穷大)
(9,12        没有路径可达，无穷大)
(9,13        没有路径可达，无穷大)
(9,10,14        5)
(9,15        没有路径可达，无穷大)
(9,16        没有路径可达，无穷大)
(9,17        没有路径可达，无穷大)
(9,18        没有路径可达，无穷大)
(9,19        没有路径可达，无穷大)
(9,20        没有路径可达，无穷大)
(9,21        没有路径可达，无穷大)
(9,22        没有路径可达，无穷大)
(9,23        没有路径可达，无穷大)
(9,24        没有路径可达，无穷大)
(9,25        没有路径可达，无穷大)
(9,26        没有路径可达，无穷大)
(10,0        没有路径可达，无穷大)
(10,1        没有路径可达，无穷大)
(10,2        没有路径可达，无穷大)
(10,3        没有路径可达，无穷大)
(10,4        没有路径可达，无穷大)
(10,5        没有路径可达，无穷大)
(10,6        没有路径可达，无穷大)
(10,7        没有路径可达，无穷大)
(10,8        没有路径可达，无穷大)
(10,9        没有路径可达，无穷大)
(10,11        没有路径可达，无穷大)
(10,12        没有路径可达，无穷大)
(10,13        没有路径可达，无穷大)
(10,14        2)
(10,15        没有路径可达，无穷大)
(10,16        没有路径可达，无穷大)
(10,17        没有路径可达，无穷大)
(10,18        没有路径可达，无穷大)
(10,19        没有路径可达，无穷大)
(10,20        没有路径可达，无穷大)
(10,21        没有路径可达，无穷大)
(10,22        没有路径可达，无穷大)
(10,23        没有路径可达，无穷大)
(10,24        没有路径可达，无穷大)
(10,25        没有路径可达，无穷大)
(10,14,26        33)
(11,0        没有路径可达，无穷大)
(11,1        没有路径可达，无穷大)
(11,2        没有路径可达，无穷大)
(11,3        没有路径可达，无穷大)
(11,4        没有路径可达，无穷大)
(11,5        没有路径可达，无穷大)
(11,6        43)
(11,7        没有路径可达，无穷大)
(11,8        没有路径可达，无穷大)
(11,9        没有路径可达，无穷大)
(11,10        没有路径可达，无穷大)
(11,12        没有路径可达，无穷大)
(11,13        没有路径可达，无穷大)
(11,14        没有路径可达，无穷大)
(11,6,15        43)
(11,16        没有路径可达，无穷大)
(11,17        没有路径可达，无穷大)
(11,18        没有路径可达，无穷大)
(11,19        没有路径可达，无穷大)
(11,20        没有路径可达，无穷大)
(11,21        没有路径可达，无穷大)
(11,22        没有路径可达，无穷大)
(11,23        没有路径可达，无穷大)
(11,24        没有路径可达，无穷大)
(11,25        没有路径可达，无穷大)
(11,26        没有路径可达，无穷大)
(12,0        没有路径可达，无穷大)
(12,1        没有路径可达，无穷大)
(12,2        没有路径可达，无穷大)
(12,3        33)
(12,4        没有路径可达，无穷大)
(12,5        没有路径可达，无穷大)
(12,6        没有路径可达，无穷大)
(12,7        没有路径可达，无穷大)
(12,8        没有路径可达，无穷大)
(12,9        没有路径可达，无穷大)
(12,10        没有路径可达，无穷大)
(12,11        没有路径可达，无穷大)
(12,13        没有路径可达，无穷大)
(12,14        没有路径可达，无穷大)
(12,15        没有路径可达，无穷大)
(12,16        没有路径可达，无穷大)
(12,17        没有路径可达，无穷大)
(12,18        没有路径可达，无穷大)
(12,19        没有路径可达，无穷大)
(12,20        没有路径可达，无穷大)
(12,21        没有路径可达，无穷大)
(12,22        没有路径可达，无穷大)
(12,23        没有路径可达，无穷大)
(12,3,24        74)
(12,25        没有路径可达，无穷大)
(12,26        没有路径可达，无穷大)
(13,0        没有路径可达，无穷大)
(13,1        没有路径可达，无穷大)
(13,2        没有路径可达，无穷大)
(13,3        没有路径可达，无穷大)
(13,4        没有路径可达，无穷大)
(13,5        没有路径可达，无穷大)
(13,6        没有路径可达，无穷大)
(13,7        没有路径可达，无穷大)
(13,8        没有路径可达，无穷大)
(13,9        没有路径可达，无穷大)
(13,10        没有路径可达，无穷大)
(13,11        没有路径可达，无穷大)
(13,12        没有路径可达，无穷大)
(13,14        4)
(13,15        没有路径可达，无穷大)
(13,16        没有路径可达，无穷大)
(13,17        没有路径可达，无穷大)
(13,18        没有路径可达，无穷大)
(13,19        没有路径可达，无穷大)
(13,20        没有路径可达，无穷大)
(13,21        没有路径可达，无穷大)
(13,22        没有路径可达，无穷大)
(13,23        没有路径可达，无穷大)
(13,24        没有路径可达，无穷大)
(13,25        没有路径可达，无穷大)
(13,14,26        35)
(14,0        没有路径可达，无穷大)
(14,1        没有路径可达，无穷大)
(14,2        没有路径可达，无穷大)
(14,3        没有路径可达，无穷大)
(14,4        没有路径可达，无穷大)
(14,5        没有路径可达，无穷大)
(14,6        没有路径可达，无穷大)
(14,7        没有路径可达，无穷大)
(14,8        没有路径可达，无穷大)
(14,26,16,9        60)
(14,26,16,9,10        63)
(14,11        没有路径可达，无穷大)
(14,12        没有路径可达，无穷大)
(14,13        没有路径可达，无穷大)
(14,15        没有路径可达，无穷大)
(14,26,16        52)
(14,17        没有路径可达，无穷大)
(14,18        没有路径可达，无穷大)
(14,19        没有路径可达，无穷大)
(14,20        没有路径可达，无穷大)
(14,21        没有路径可达，无穷大)
(14,22        没有路径可达，无穷大)
(14,23        没有路径可达，无穷大)
(14,24        没有路径可达，无穷大)
(14,25        没有路径可达，无穷大)
(14,26        31)
(15,0        没有路径可达，无穷大)
(15,1        没有路径可达，无穷大)
(15,2        没有路径可达，无穷大)
(15,3        没有路径可达，无穷大)
(15,4        没有路径可达，无穷大)
(15,5        没有路径可达，无穷大)
(15,6        没有路径可达，无穷大)
(15,7        没有路径可达，无穷大)
(15,8        没有路径可达，无穷大)
(15,9        没有路径可达，无穷大)
(15,10        29)
(15,11        没有路径可达，无穷大)
(15,12        没有路径可达，无穷大)
(15,13        没有路径可达，无穷大)
(15,10,14        31)
(15,16        没有路径可达，无穷大)
(15,17        没有路径可达，无穷大)
(15,18        没有路径可达，无穷大)
(15,19        没有路径可达，无穷大)
(15,20        没有路径可达，无穷大)
(15,21        没有路径可达，无穷大)
(15,22        没有路径可达，无穷大)
(15,23        没有路径可达，无穷大)
(15,24        没有路径可达，无穷大)
(15,25        没有路径可达，无穷大)
(15,26        没有路径可达，无穷大)
(16,0        没有路径可达，无穷大)
(16,1        没有路径可达，无穷大)
(16,2        没有路径可达，无穷大)
(16,3        没有路径可达，无穷大)
(16,4        没有路径可达，无穷大)
(16,5        没有路径可达，无穷大)
(16,6        没有路径可达，无穷大)
(16,7        没有路径可达，无穷大)
(16,8        没有路径可达，无穷大)
(16,9        8)
(16,9,10        11)
(16,11        没有路径可达，无穷大)
(16,12        没有路径可达，无穷大)
(16,13        没有路径可达，无穷大)
(16,14        没有路径可达，无穷大)
(16,15        没有路径可达，无穷大)
(16,17        没有路径可达，无穷大)
(16,18        没有路径可达，无穷大)
(16,19        没有路径可达，无穷大)
(16,20        没有路径可达，无穷大)
(16,21        没有路径可达，无穷大)
(16,22        没有路径可达，无穷大)
(16,23        没有路径可达，无穷大)
(16,24        没有路径可达，无穷大)
(16,25        没有路径可达，无穷大)
(16,26        没有路径可达，无穷大)
(17,0        3)
(17,0,19,1        16)
(17,2        没有路径可达，无穷大)
(17,3        没有路径可达，无穷大)
(17,4        没有路径可达，无穷大)
(17,5        没有路径可达，无穷大)
(17,6        没有路径可达，无穷大)
(17,7        没有路径可达，无穷大)
(17,8        没有路径可达，无穷大)
(17,9        没有路径可达，无穷大)
(17,10        没有路径可达，无穷大)
(17,11        没有路径可达，无穷大)
(17,12        没有路径可达，无穷大)
(17,13        没有路径可达，无穷大)
(17,14        没有路径可达，无穷大)
(17,15        没有路径可达，无穷大)
(17,16        没有路径可达，无穷大)
(17,18        没有路径可达，无穷大)
(17,0,19        16)
(17,20        没有路径可达，无穷大)
(17,21        没有路径可达，无穷大)
(17,22        没有路径可达，无穷大)
(17,23        没有路径可达，无穷大)
(17,24        没有路径可达，无穷大)
(17,25        没有路径可达，无穷大)
(17,0,19,1,26        19)
(18,0        没有路径可达，无穷大)
(18,1        没有路径可达，无穷大)
(18,2        没有路径可达，无穷大)
(18,3        没有路径可达，无穷大)
(18,4        没有路径可达，无穷大)
(18,5        17)
(18,6        没有路径可达，无穷大)
(18,7        没有路径可达，无穷大)
(18,8        没有路径可达，无穷大)
(18,9        没有路径可达，无穷大)
(18,10        没有路径可达，无穷大)
(18,11        没有路径可达，无穷大)
(18,12        没有路径可达，无穷大)
(18,13        没有路径可达，无穷大)
(18,14        没有路径可达，无穷大)
(18,15        没有路径可达，无穷大)
(18,16        没有路径可达，无穷大)
(18,17        没有路径可达，无穷大)
(18,19        没有路径可达，无穷大)
(18,20        没有路径可达，无穷大)
(18,21        没有路径可达，无穷大)
(18,22        没有路径可达，无穷大)
(18,5,23        24)
(18,24        没有路径可达，无穷大)
(18,25        没有路径可达，无穷大)
(18,26        没有路径可达，无穷大)
(19,0        没有路径可达，无穷大)
(19,1        0)
(19,2        没有路径可达，无穷大)
(19,3        没有路径可达，无穷大)
(19,4        没有路径可达，无穷大)
(19,5        没有路径可达，无穷大)
(19,6        没有路径可达，无穷大)
(19,7        没有路径可达，无穷大)
(19,8        没有路径可达，无穷大)
(19,9        没有路径可达，无穷大)
(19,10        没有路径可达，无穷大)
(19,11        没有路径可达，无穷大)
(19,12        没有路径可达，无穷大)
(19,13        没有路径可达，无穷大)
(19,14        没有路径可达，无穷大)
(19,15        没有路径可达，无穷大)
(19,16        没有路径可达，无穷大)
(19,17        没有路径可达，无穷大)
(19,18        没有路径可达，无穷大)
(19,20        没有路径可达，无穷大)
(19,21        没有路径可达，无穷大)
(19,22        没有路径可达，无穷大)
(19,23        没有路径可达，无穷大)
(19,24        没有路径可达，无穷大)
(19,25        没有路径可达，无穷大)
(19,1,26        3)
(20,0        没有路径可达，无穷大)
(20,1        没有路径可达，无穷大)
(20,2        没有路径可达，无穷大)
(20,3        没有路径可达，无穷大)
(20,4        没有路径可达，无穷大)
(20,18,5        61)
(20,6        没有路径可达，无穷大)
(20,7        没有路径可达，无穷大)
(20,8        没有路径可达，无穷大)
(20,9        没有路径可达，无穷大)
(20,10        没有路径可达，无穷大)
(20,11        没有路径可达，无穷大)
(20,12        没有路径可达，无穷大)
(20,13        没有路径可达，无穷大)
(20,14        没有路径可达，无穷大)
(20,15        没有路径可达，无穷大)
(20,16        没有路径可达，无穷大)
(20,17        没有路径可达，无穷大)
(20,18        44)
(20,19        没有路径可达，无穷大)
(20,21        没有路径可达，无穷大)
(20,22        没有路径可达，无穷大)
(20,18,5,23        68)
(20,24        没有路径可达，无穷大)
(20,25        没有路径可达，无穷大)
(20,26        没有路径可达，无穷大)
(21,0        没有路径可达，无穷大)
(21,1        没有路径可达，无穷大)
(21,2        没有路径可达，无穷大)
(21,3        没有路径可达，无穷大)
(21,4        没有路径可达，无穷大)
(21,5        35)
(21,6        没有路径可达，无穷大)
(21,7        没有路径可达，无穷大)
(21,8        没有路径可达，无穷大)
(21,9        没有路径可达，无穷大)
(21,10        没有路径可达，无穷大)
(21,11        没有路径可达，无穷大)
(21,12        没有路径可达，无穷大)
(21,13        没有路径可达，无穷大)
(21,14        没有路径可达，无穷大)
(21,15        没有路径可达，无穷大)
(21,16        没有路径可达，无穷大)
(21,17        没有路径可达，无穷大)
(21,18        没有路径可达，无穷大)
(21,19        没有路径可达，无穷大)
(21,20        没有路径可达，无穷大)
(21,22        没有路径可达，无穷大)
(21,5,23        42)
(21,24        没有路径可达，无穷大)
(21,25        没有路径可达，无穷大)
(21,26        没有路径可达，无穷大)
(22,0        没有路径可达，无穷大)
(22,1        没有路径可达，无穷大)
(22,2        没有路径可达，无穷大)
(22,3        没有路径可达，无穷大)
(22,4        46)
(22,5        没有路径可达，无穷大)
(22,6        没有路径可达，无穷大)
(22,7        没有路径可达，无穷大)
(22,8        没有路径可达，无穷大)
(22,9        没有路径可达，无穷大)
(22,10        没有路径可达，无穷大)
(22,11        没有路径可达，无穷大)
(22,12        没有路径可达，无穷大)
(22,13        没有路径可达，无穷大)
(22,14        没有路径可达，无穷大)
(22,15        没有路径可达，无穷大)
(22,16        没有路径可达，无穷大)
(22,4,17        92)
(22,18        没有路径可达，无穷大)
(22,19        没有路径可达，无穷大)
(22,20        没有路径可达，无穷大)
(22,21        没有路径可达，无穷大)
(22,23        没有路径可达，无穷大)
(22,24        没有路径可达，无穷大)
(22,25        没有路径可达，无穷大)
(22,26        没有路径可达，无穷大)
(23,0        没有路径可达，无穷大)
(23,2,1        28)
(23,2        24)
(23,3        没有路径可达，无穷大)
(23,4        没有路径可达，无穷大)
(23,5        没有路径可达，无穷大)
(23,6        没有路径可达，无穷大)
(23,7        没有路径可达，无穷大)
(23,8        没有路径可达，无穷大)
(23,9        没有路径可达，无穷大)
(23,10        没有路径可达，无穷大)
(23,11        没有路径可达，无穷大)
(23,12        没有路径可达，无穷大)
(23,13        没有路径可达，无穷大)
(23,14        没有路径可达，无穷大)
(23,15        没有路径可达，无穷大)
(23,16        没有路径可达，无穷大)
(23,17        没有路径可达，无穷大)
(23,18        没有路径可达，无穷大)
(23,19        没有路径可达，无穷大)
(23,20        没有路径可达，无穷大)
(23,21        没有路径可达，无穷大)
(23,22        没有路径可达，无穷大)
(23,24        没有路径可达，无穷大)
(23,25        没有路径可达，无穷大)
(23,2,1,26        31)
(24,0        没有路径可达，无穷大)
(24,1        没有路径可达，无穷大)
(24,2        没有路径可达，无穷大)
(24,3        没有路径可达，无穷大)
(24,4        没有路径可达，无穷大)
(24,5        没有路径可达，无穷大)
(24,11,6        81)
(24,7        没有路径可达，无穷大)
(24,8        没有路径可达，无穷大)
(24,9        没有路径可达，无穷大)
(24,10        没有路径可达，无穷大)
(24,11        38)
(24,12        没有路径可达，无穷大)
(24,13        没有路径可达，无穷大)
(24,14        没有路径可达，无穷大)
(24,11,6,15        81)
(24,16        没有路径可达，无穷大)
(24,17        没有路径可达，无穷大)
(24,18        没有路径可达，无穷大)
(24,19        没有路径可达，无穷大)
(24,20        没有路径可达，无穷大)
(24,21        没有路径可达，无穷大)
(24,22        没有路径可达，无穷大)
(24,23        没有路径可达，无穷大)
(24,25        没有路径可达，无穷大)
(24,26        没有路径可达，无穷大)
(25,0        没有路径可达，无穷大)
(25,2,1        27)
(25,2        23)
(25,3        没有路径可达，无穷大)
(25,4        没有路径可达，无穷大)
(25,5        没有路径可达，无穷大)
(25,6        没有路径可达，无穷大)
(25,7        没有路径可达，无穷大)
(25,8        没有路径可达，无穷大)
(25,9        没有路径可达，无穷大)
(25,10        没有路径可达，无穷大)
(25,11        没有路径可达，无穷大)
(25,12        没有路径可达，无穷大)
(25,13        没有路径可达，无穷大)
(25,14        没有路径可达，无穷大)
(25,15        没有路径可达，无穷大)
(25,16        没有路径可达，无穷大)
(25,17        没有路径可达，无穷大)
(25,18        没有路径可达，无穷大)
(25,19        没有路径可达，无穷大)
(25,20        没有路径可达，无穷大)
(25,21        没有路径可达，无穷大)
(25,22        没有路径可达，无穷大)
(25,23        没有路径可达，无穷大)
(25,24        没有路径可达，无穷大)
(25,2,1,26        30)
(26,0        没有路径可达，无穷大)
(26,1        没有路径可达，无穷大)
(26,2        没有路径可达，无穷大)
(26,3        没有路径可达，无穷大)
(26,4        没有路径可达，无穷大)
(26,5        没有路径可达，无穷大)
(26,6        没有路径可达，无穷大)
(26,7        没有路径可达，无穷大)
(26,8        没有路径可达，无穷大)
(26,16,9        29)
(26,16,9,10        32)
(26,11        没有路径可达，无穷大)
(26,12        没有路径可达，无穷大)
(26,13        没有路径可达，无穷大)
(26,14        没有路径可达，无穷大)
(26,15        没有路径可达，无穷大)
(26,16        21)
(26,17        没有路径可达，无穷大)
(26,18        没有路径可达，无穷大)
(26,19        没有路径可达，无穷大)
(26,20        没有路径可达，无穷大)
(26,21        没有路径可达，无穷大)
(26,22        没有路径可达，无穷大)
(26,23        没有路径可达，无穷大)
(26,24        没有路径可达，无穷大)
(26,25        没有路径可达，无穷大)
