33
150
192
288
417
230
446
458
665
750
843
873
1005
1230
1244
1303
1408
1427
1431
1444
1516
1545
1635
1751
1842
1906
2290
2363
2487
2589
2653
2706
2763
2812
2829
2894
3112
3196
3239
3270
3297
3329
3405
3446
3468
3581
3465
3620
3636
3637
3704
3788
3940
3950
4113
4138
4180
4139
4271
4356
4567
4687
4688
4702
4722
4809
4829
4882
4891
4981
4954
5252
5401
5492
5505
5539
5609
5610
5636
5668
5758
5844
6036
6102
6134
6055
6162
6238
6366
6368
6445
6484
6651
6609
6675
6714
6757
6820
6830
6864
7176
7257
7327
7337
7417
7426
7518
7519
7550
7561
7731
7736
7790
7815
7843
7886
7900
7945
7962
8350
8371
8424
8492
8495
8617
8625
8733
8798
8824
8839
8845
8943
8951
8983
9013
9100
9161
9090
9208
9241
9258
9282
9321
9388
9385
9504
9506
9513
9594
9783
9797
9613
9836
9839
9927
10048
9926
10070
10342
10469
10759
10810
10816
10833
10873
10999
11055
11087
11096
11202
11205
11206
11217
11222
11373
11519
11579
11576
11633
11678
11703
11984
11849
11740
11944
12017
12041
12173
12062
12224
12245
12402
12426
12404
12433
12568
12585
12611
12612
12633
12733
12747
12809
12885
12915
12979
13100
13192
13210
13215
13298
13356
13369
13371
13420
13450
13471
13529
13532
13617
13636
13698
13628
13724
13735
13765
13866
13887
13981
14040
14080
14148
14165
14195
14327
14355
14356
14400
14542
14612
14648
14699
14767
14786
15036
15077
15199
15259
15423
15617
15406
15630
15729
15740
15858
15890
16170
16254
16266
16343
16360
16482
16575
16594
16787
16790
16889
17127
16967
16815
17091
17157
17251
17255
17280
17384
17401
17517
17525
17665
17685
17771
17787
17812
17911
17858
17914
17922
17962
18087
18161
18306
18518
18549
18569
18633
18774
18817
18814
18937
19020
19031
19091
19166
19204
19234
19297
19520
19386
19724
19762
19810
19913
19985
20078
20129
20308
20334
20343
20374
20418
20421
20460
20583
20840
20765
20484
20789
20900
20909
20996
21032
21043
21083
21182
21209
21331
21467
21507
21511
21558
21664
21685
21759
21876
21877
21904
21917
21999
22000
22203
22367
22457
22487
22495
22498
22568
22753
22787
22787
22814
22864
22871
23014
23231
23283
23296
23327
23361
23418
23443
23547
23561
23641
23696
23729
23774
23871
23898
23921
23995
23950
24204
24268
24296
24391
24438
24455
24901
24819
25123
25289
25309
25325
25347
25349
25420
25459
25477
25475
25582
25665
25736
25764
25740
25822
25835
25858
25859
25949
26014
26059
26072
26117
26164
26194
26229
26268
26244
26311
26367
26444
26585
26711
26797
27019
26822
27051
27070
27095
27165
27191
27286
27147
27561
27569
27580
27616
27688
27719
27749
27843
27910
27964
28119
28155
28174
28216
28217
28219
28246
28302
28282
28514
28627
28650
28737
28785
28849
28753
28939
28951
29031
29049
29056
29095
29114
29143
29462
29526
29678
29698
29804
29839
29844
30094
29862
29948
30165
30247
30389
30471
30528
30582
30711
30848
30712
30895
30941
31000
31098
31108
31145
31326
31357
31364
31370
31402
31412
31478
31767
31784
31799
31952
32007
32035
32118
32175
32345
32268
32644
32669
