0 25 11
0 51 12
0 29 6
0 45 19
0 65 14
0 21 6
0 107 14
0 56 20
0 115 10
0 68 14
0 19 4
0 89 19
0 40 9
0 106 4
0 84 12
0 9 17
0 72 10
0 110 18
0 120 6
0 58 19
0 34 1
0 67 10
0 119 16
0 91 8
0 123 13
0 86 6
0 46 18
0 70 17
0 108 14
0 38 13
0 54 19
0 98 7
0 99 13
0 5 10
0 74 12
0 105 19
0 14 3
0 57 19
0 116 6
1 113 18
1 72 19
1 19 8
1 34 14
1 20 2
1 101 13
1 69 7
1 119 4
2 32 16
2 97 8
2 118 6
2 13 11
2 60 18
2 74 8
2 88 10
2 77 4
2 50 15
2 100 6
2 59 14
2 34 17
2 47 8
2 83 18
2 98 12
2 87 8
3 51 12
3 83 5
3 60 7
3 110 19
3 127 19
3 80 20
3 11 12
3 13 13
3 40 7
3 95 2
3 58 12
3 10 16
3 19 9
3 29 6
3 55 19
3 92 3
3 62 11
3 98 3
4 102 15
4 114 2
4 6 8
4 22 19
4 39 17
4 19 5
4 1 19
4 33 8
4 41 17
4 88 18
4 100 9
4 35 6
4 62 1
4 72 19
4 124 5
4 107 1
4 86 9
4 76 3
4 51 2
4 99 2
4 21 14
4 111 15
4 23 10
4 69 8
4 34 17
4 63 1
4 82 7
5 78 13
5 110 8
5 70 6
5 18 7
5 120 9
5 15 16
5 118 15
5 80 19
5 111 13
5 28 5
5 106 12
5 37 5
5 77 4
5 50 7
5 47 20
5 31 4
5 117 8
5 36 17
6 11 11
6 93 15
7 122 14
7 85 8
7 104 17
7 112 8
7 113 3
7 29 1
7 81 16
7 30 8
7 121 9
7 3 7
7 15 9
7 74 4
7 53 20
7 75 11
7 14 10
7 84 20
7 126 13
7 16 17
7 50 10
7 45 3
7 97 10
7 61 11
7 46 3
7 43 18
7 105 9
7 8 2
7 83 9
7 11 5
7 88 14
7 20 10
7 4 15
7 58 5
7 59 12
7 26 2
7 42 18
7 111 18
7 125 4
7 100 7
7 82 16
7 38 3
7 110 5
7 60 4
7 47 4
7 27 15
7 66 20
7 117 8
7 22 14
7 17 4
7 99 14
7 1 3
7 19 15
7 94 8
7 13 14
7 102 2
8 23 20
8 63 13
8 43 17
8 34 1
8 116 8
8 51 13
8 70 5
8 22 6
8 83 12
8 61 16
8 59 7
8 86 10
8 75 8
8 125 12
8 0 7
8 71 4
8 32 1
8 53 17
8 95 11
8 56 4
8 66 3
8 60 19
8 50 11
8 19 6
9 22 17
9 70 13
9 31 18
9 47 6
9 67 2
9 101 9
9 116 11
9 127 19
9 53 2
9 51 16
9 124 14
9 83 19
9 90 16
9 24 13
9 93 3
9 54 4
9 49 18
9 23 17
9 71 13
9 95 14
9 77 9
9 121 9
9 39 17
9 1 6
9 114 14
9 41 13
9 12 18
9 92 3
9 86 12
9 33 9
9 56 11
9 65 8
9 102 19
9 44 14
9 98 2
9 25 1
9 97 8
9 69 2
10 94 19
10 63 9
10 88 1
10 76 7
10 31 4
10 100 17
10 55 11
10 59 5
10 1 4
10 110 14
10 38 19
10 9 5
10 56 18
10 97 6
10 71 16
10 67 8
10 48 11
10 21 8
10 33 12
10 18 16
10 75 18
10 103 7
10 47 3
10 60 12
10 80 13
10 77 2
10 124 13
10 117 7
10 64 15
10 102 13
10 37 1
10 87 16
10 115 2
10 82 1
10 116 4
10 23 2
10 20 8
10 104 13
10 24 11
10 73 2
10 12 1
10 34 10
10 78 14
10 70 7
10 54 20
10 65 6
10 57 6
10 125 2
10 16 6
10 74 6
10 50 11
10 0 8
11 14 10
11 36 15
11 58 11
11 52 18
11 96 20
11 97 4
11 107 15
11 4 11
11 95 11
11 103 9
11 102 19
11 81 1
11 93 2
11 5 4
11 126 9
11 114 15
11 49 17
11 37 9
11 17 3
11 121 7
11 87 16
11 31 7
11 127 6
11 72 19
11 117 6
11 120 7
11 71 5
11 99 2
11 21 8
11 125 7
11 64 11
11 91 17
11 26 1
11 70 14
11 48 7
11 38 12
11 22 17
11 77 4
11 16 10
11 112 2
11 85 6
11 89 6
11 29 17
11 119 1
11 76 4
11 34 14
11 10 20
11 80 1
11 43 1
11 115 19
11 88 11
11 116 6
11 59 11
11 110 2
11 41 19
11 18 10
11 62 17
11 98 12
11 73 13
11 90 4
12 71 8
12 51 8
12 96 4
12 35 10
12 78 12
12 37 2
12 7 16
12 123 9
12 122 17
12 43 1
12 115 10
12 1 12
12 63 4
12 83 16
12 16 9
12 8 7
12 100 12
12 31 12
12 93 4
13 81 18
13 98 18
13 1 15
13 101 9
13 55 5
13 45 6
13 49 14
13 124 18
13 74 11
13 114 1
13 88 2
13 52 5
13 104 4
13 102 2
13 85 13
13 91 15
13 94 20
13 123 6
13 89 6
13 56 9
13 51 16
13 96 7
13 119 19
13 105 8
13 33 2
13 112 20
13 113 1
13 32 14
13 75 3
13 116 18
14 38 7
14 100 4
14 57 20
14 105 14
14 90 16
14 85 13
14 35 5
14 62 1
14 117 16
14 41 15
14 25 19
14 78 14
14 39 9
14 28 1
14 87 1
14 119 18
14 91 13
14 109 3
14 99 16
14 60 9
14 9 14
14 6 10
14 31 9
14 69 18
14 124 12
14 56 17
14 50 5
14 86 17
15 91 19
15 57 20
15 73 4
15 82 17
15 30 2
15 98 13
15 22 2
15 56 18
15 123 5
15 101 4
15 23 1
15 102 14
15 35 15
15 39 13
15 36 10
15 63 20
15 51 12
15 55 8
15 48 5
15 33 9
15 18 1
15 58 2
15 54 14
15 77 17
15 88 9
15 12 12
15 32 11
15 6 18
15 1 4
15 50 5
15 47 5
15 44 10
15 81 19
15 116 8
15 21 15
15 93 6
15 126 20
15 84 3
15 61 8
15 28 10
16 92 15
16 107 17
16 126 8
16 59 3
16 115 7
16 48 17
16 124 11
16 32 5
16 51 5
16 38 13
16 54 4
16 106 11
16 96 12
16 37 7
16 118 8
16 94 14
16 62 7
16 13 20
16 43 4
16 77 7
16 75 14
16 120 5
16 44 8
16 83 1
16 50 5
16 19 19
16 23 4
16 123 17
16 45 16
16 79 1
16 114 4
16 8 4
16 47 13
16 119 10
16 6 9
16 14 13
16 95 2
16 85 14
16 31 7
16 25 4
16 88 2
16 39 7
16 108 6
17 123 20
17 121 13
17 49 14
17 43 4
17 69 16
17 104 1
17 6 15
17 5 15
17 125 4
17 82 4
17 20 2
17 84 18
17 74 5
17 18 4
17 89 10
17 4 16
17 29 7
17 127 19
17 93 10
17 98 2
17 15 19
17 97 17
17 86 18
17 88 13
17 13 20
17 45 8
17 55 20
17 63 2
17 71 19
17 31 5
17 56 10
17 101 18
17 60 18
17 57 2
17 73 8
18 63 12
18 50 15
18 80 10
18 104 9
18 47 2
18 2 13
18 70 15
18 78 1
18 112 15
18 39 17
18 0 18
18 26 20
18 4 14
18 71 18
18 75 19
18 9 18
18 36 4
18 89 11
18 105 6
18 111 18
18 60 9
18 43 15
18 85 10
18 109 9
18 95 8
18 108 9
18 82 14
18 34 14
18 16 14
18 44 3
18 94 9
18 45 19
18 57 19
18 79 16
18 56 19
18 121 8
18 33 5
18 126 8
18 12 15
18 7 4
18 100 20
18 19 2
18 113 17
18 40 13
18 38 12
18 31 14
18 92 13
18 51 14
18 107 12
18 86 6
18 81 6
18 30 9
18 125 1
18 87 16
18 68 9
19 94 5
19 76 9
19 91 2
19 113 6
19 34 12
19 85 11
19 103 3
19 124 17
19 109 13
19 99 4
19 41 9
19 62 15
19 36 6
19 43 18
19 46 2
19 104 2
21 78 20
21 107 15
21 13 8
21 115 15
21 99 2
21 122 12
21 47 8
21 53 14
21 112 15
21 76 2
21 25 4
21 64 6
21 71 15
21 52 8
21 84 8
22 12 7
22 37 1
22 48 20
22 17 11
22 94 9
22 109 18
22 2 2
22 81 13
22 106 8
22 55 20
22 91 5
22 59 16
22 77 17
22 39 17
22 21 20
22 34 3
22 124 13
22 23 2
22 6 3
22 46 13
22 26 1
22 110 2
22 84 13
22 70 10
22 16 20
22 25 11
22 116 18
22 54 8
22 83 1
22 71 5
22 18 8
22 67 11
22 92 17
22 78 8
22 31 15
22 27 7
22 52 11
22 93 9
22 14 15
22 50 9
22 85 3
22 60 15
22 33 12
22 126 2
22 32 19
22 38 6
22 82 3
22 56 16
23 109 6
23 82 3
23 11 1
23 116 14
23 86 17
23 92 16
23 83 10
24 99 1
24 42 4
24 75 11
24 40 12
24 81 13
24 46 7
24 41 14
24 97 5
24 113 16
24 119 6
24 57 4
24 34 16
24 104 20
24 21 1
24 90 11
24 69 12
24 78 2
24 108 7
24 0 9
24 84 12
24 18 9
24 82 18
24 48 15
24 16 11
24 116 17
24 114 1
24 73 12
24 111 15
24 102 3
24 52 10
24 87 17
24 66 1
24 121 5
24 98 2
24 72 15
24 17 17
24 103 10
24 32 6
24 35 7
24 49 5
24 80 6
24 5 18
24 85 6
24 39 4
24 79 12
24 25 5
24 76 10
24 91 19
25 58 18
25 116 3
25 105 15
25 101 15
25 23 20
25 68 6
25 35 9
25 1 16
25 32 8
25 109 19
25 124 15
25 120 6
25 95 20
25 63 13
25 86 15
25 70 10
25 49 17
25 46 10
25 100 3
25 121 11
25 74 12
26 1 16
26 89 12
26 37 11
26 51 6
26 123 16
26 62 18
26 38 11
26 84 11
26 68 16
26 45 16
26 97 10
26 95 15
26 80 13
26 3 12
26 31 6
26 46 2
26 39 11
26 35 19
26 49 3
26 107 11
26 60 17
26 110 13
26 63 9
26 67 7
26 30 11
26 59 6
26 127 13
26 0 11
26 29 7
26 96 4
26 124 19
26 100 2
26 117 3
26 17 4
26 44 15
26 4 12
26 87 11
26 77 8
26 20 3
26 92 8
26 106 1
26 42 17
26 114 5
27 41 3
27 93 7
27 126 14
27 74 14
27 33 20
27 58 17
27 120 15
27 103 11
27 45 4
27 113 1
27 4 6
27 83 20
27 108 14
27 112 9
27 70 1
27 56 10
27 117 8
27 42 1
27 14 12
27 78 5
27 107 8
27 19 14
27 65 13
27 55 2
27 119 12
27 50 8
27 39 15
27 10 1
27 88 14
27 96 17
27 66 13
27 15 15
27 115 9
27 48 7
27 79 17
27 72 19
27 121 14
27 68 2
27 122 7
27 26 1
27 123 3
27 52 19
28 93 20
28 83 4
29 111 3
29 65 20
29 85 3
29 102 15
29 53 15
29 99 1
29 9 8
29 25 9
30 75 14
30 92 16
30 109 1
30 37 14
30 80 19
30 31 5
30 96 11
31 50 6
32 88 6
32 71 5
32 66 15
32 91 17
32 57 3
32 92 20
32 6 2
32 116 19
32 78 4
32 18 16
32 85 12
32 9 4
32 33 19
32 58 17
32 93 7
32 3 7
32 28 12
32 102 19
32 126 5
32 124 17
32 12 16
32 49 15
32 107 11
32 47 6
32 98 7
32 48 2
32 83 10
32 70 11
32 42 10
32 77 7
32 74 1
32 56 3
32 125 11
32 38 2
32 101 16
32 14 2
32 108 8
32 89 20
32 75 8
32 36 6
32 7 15
33 110 6
33 81 1
33 68 18
33 66 1
33 16 4
33 104 11
33 125 13
33 31 6
33 57 14
33 89 10
33 99 8
33 86 17
33 82 12
34 48 18
34 73 11
34 35 17
34 91 11
34 15 6
34 55 2
34 112 15
34 89 8
34 61 15
34 26 11
34 65 2
34 39 7
34 38 3
34 50 1
34 83 11
34 103 14
34 120 9
34 27 12
34 80 19
34 64 12
34 79 18
34 20 19
34 111 13
34 16 17
34 13 5
34 41 20
34 63 3
34 113 13
34 125 8
34 46 7
34 67 4
34 98 20
34 99 1
34 117 4
34 45 6
34 51 19
34 81 3
35 18 3
35 95 4
35 47 17
35 93 9
35 112 14
35 118 17
35 3 16
35 23 18
35 72 19
35 76 1
35 65 10
35 66 2
35 60 8
35 84 17
35 103 18
35 51 3
35 96 1
35 78 14
35 48 8
35 8 12
35 0 7
35 36 9
36 17 2
36 87 13
36 53 14
36 108 16
36 80 10
36 92 18
36 34 2
36 4 2
36 22 14
36 121 9
36 38 14
36 91 18
36 114 11
36 122 12
36 25 20
36 26 17
36 84 8
36 10 8
36 123 12
36 127 4
36 46 4
37 114 3
37 60 3
37 59 5
37 96 10
37 61 19
37 100 8
37 124 4
37 3 12
37 121 16
37 82 18
37 103 7
37 33 15
37 45 8
37 55 7
37 112 4
37 122 5
37 101 13
37 98 17
37 99 3
37 47 12
37 87 19
37 78 12
37 67 11
37 85 20
37 58 15
37 4 13
37 15 11
37 46 4
37 36 3
37 6 7
37 20 12
37 23 20
37 108 12
37 86 19
37 62 18
37 57 12
38 63 13
38 87 13
38 117 20
38 3 20
38 125 7
38 76 18
38 85 6
38 9 9
38 104 6
38 17 12
38 108 19
38 113 6
38 56 6
38 98 9
40 49 2
40 106 4
40 13 8
40 101 19
40 86 3
40 9 20
40 47 16
40 113 1
40 62 5
40 59 15
40 21 7
40 42 4
40 72 16
40 57 1
40 16 10
40 108 17
40 114 7
40 43 7
40 10 12
40 92 4
41 127 16
41 119 5
41 80 4
42 111 15
42 127 2
42 21 16
42 25 12
42 94 18
42 51 14
42 78 20
42 33 6
42 97 8
42 72 1
42 87 2
42 30 18
42 1 20
42 66 15
42 77 20
42 67 10
42 39 18
42 124 15
42 65 9
42 104 7
42 119 17
42 52 4
42 122 6
42 41 14
42 123 20
42 14 13
42 62 20
42 88 5
42 45 1
42 76 15
42 83 12
42 103 3
42 53 10
42 80 3
42 12 13
42 63 17
42 8 20
42 22 4
42 102 13
42 61 15
42 69 8
42 73 6
42 85 13
42 64 4
42 93 2
42 58 8
42 109 8
42 56 3
42 79 14
42 86 12
42 70 14
42 74 18
44 6 7
44 66 5
44 112 14
44 100 15
44 1 1
44 39 13
44 91 13
44 118 1
44 117 14
44 33 1
44 40 9
44 103 11
44 84 1
44 34 18
44 77 6
44 25 19
44 105 1
44 53 13
44 2 11
44 69 2
44 12 8
44 116 11
44 38 9
44 122 6
44 111 9
44 19 9
44 27 13
44 48 11
44 70 14
45 4 10
45 24 20
45 23 13
45 33 2
45 86 5
45 116 20
45 53 17
45 108 19
45 54 13
45 100 16
45 75 9
45 120 7
45 25 16
45 28 2
45 79 10
45 119 20
45 112 12
45 103 17
45 57 8
45 9 3
45 118 6
45 73 13
45 52 13
45 93 8
45 63 17
45 10 5
45 15 17
45 110 20
45 3 14
45 76 12
45 72 8
48 63 8
48 74 18
48 120 7
48 31 1
48 71 16
48 101 17
48 87 18
48 80 11
48 20 14
48 58 10
48 72 10
48 104 20
48 4 3
48 21 4
50 20 3
50 85 5
50 39 11
50 58 1
50 17 17
50 64 2
50 100 10
50 41 13
50 23 9
50 55 6
50 121 17
50 9 11
50 105 16
50 127 14
50 28 6
50 48 16
50 92 4
50 53 12
50 125 16
50 59 2
50 40 10
50 87 10
50 117 2
50 73 6
50 1 2
50 38 17
50 93 6
50 111 5
50 33 15
50 69 15
51 90 14
51 80 1
51 104 4
51 64 2
51 89 6
51 81 15
51 112 16
51 10 13
51 74 10
51 38 18
51 92 19
51 62 16
51 57 10
51 117 11
53 6 4
53 19 5
53 5 11
53 33 3
53 69 3
53 104 1
53 121 18
53 83 8
53 25 5
53 63 11
53 60 8
53 115 1
53 92 20
53 87 9
53 24 12
53 80 20
53 127 14
53 71 20
53 62 15
53 98 12
53 123 20
53 114 4
53 100 5
53 59 18
53 117 16
53 43 8
53 101 20
53 119 16
53 124 15
53 31 8
53 30 2
53 86 1
53 107 11
53 17 18
53 93 8
53 118 17
53 77 14
53 22 14
53 49 10
53 3 6
53 111 16
53 99 7
53 116 9
53 39 19
53 88 4
53 73 5
53 28 15
53 58 14
54 43 16
54 126 15
54 111 5
54 56 15
54 82 9
54 53 14
54 80 5
54 120 8
54 35 18
54 59 17
54 124 12
54 110 15
54 114 16
54 121 13
54 40 19
54 92 5
54 37 14
54 49 6
54 6 20
54 58 7
54 51 10
54 84 4
54 4 14
54 96 7
54 61 18
54 73 10
54 74 18
54 91 2
54 29 20
54 77 5
54 66 10
54 81 11
55 126 10
55 81 8
55 8 5
55 84 18
55 54 13
55 58 14
55 79 12
55 39 7
55 48 4
55 33 13
55 89 9
55 12 20
55 97 1
55 86 17
55 31 1
55 118 13
55 69 17
55 101 3
55 38 10
55 56 8
55 40 8
55 23 16
56 53 16
56 4 18
56 23 12
56 102 11
56 28 4
56 44 10
56 77 20
56 26 17
56 60 8
56 2 8
56 30 14
56 40 16
56 125 19
56 25 19
56 16 1
56 122 14
56 76 13
56 57 8
56 36 8
56 37 8
56 87 5
56 19 20
56 43 15
56 62 17
56 114 6
56 97 11
56 105 14
56 70 5
56 39 11
56 1 8
56 5 6
56 45 9
56 20 9
56 71 3
56 51 15
56 110 8
56 46 7
56 47 11
56 124 3
56 67 20
56 107 17
56 41 2
58 85 7
58 106 12
58 74 20
58 120 14
58 122 8
58 112 1
58 16 3
58 111 15
58 40 8
58 33 5
58 110 20
58 9 6
58 75 16
58 5 19
58 91 2
58 101 1
58 114 1
58 60 10
58 109 6
58 13 17
58 90 4
58 17 12
58 8 18
58 39 10
58 118 7
58 97 2
58 102 15
58 57 2
58 127 14
58 99 8
58 22 8
58 63 2
58 83 9
58 119 1
58 34 9
58 14 19
58 46 10
58 108 11
58 77 18
58 87 2
58 73 11
58 79 5
58 26 17
58 30 12
58 70 16
58 4 15
58 31 9
58 41 17
59 17 17
59 9 15
59 103 9
59 100 16
59 62 4
59 123 16
59 99 1
59 66 15
59 76 4
59 95 4
59 122 17
59 112 4
59 21 11
59 124 20
59 0 20
59 41 2
60 40 10
60 65 1
60 34 13
60 126 20
60 72 14
60 76 15
60 19 8
60 5 4
60 91 3
60 95 14
60 25 10
60 45 8
60 29 14
60 112 11
60 111 13
60 39 14
60 27 1
60 124 8
60 24 17
60 16 11
60 66 5
60 77 1
60 108 3
60 59 19
60 20 2
60 57 9
60 73 15
60 61 13
60 93 2
60 79 20
60 109 12
60 21 1
62 34 7
62 6 9
62 23 5
62 22 5
62 90 11
62 20 8
62 76 7
62 1 8
62 126 14
62 74 1
62 78 13
62 93 13
62 65 15
62 0 1
62 116 15
62 104 8
62 86 5
62 7 13
62 21 6
62 105 5
62 85 11
62 124 19
62 114 2
62 71 8
62 32 5
62 100 12
62 112 12
62 103 13
62 94 20
62 58 17
62 38 4
62 5 17
62 81 13
62 30 17
62 121 7
62 107 17
62 57 13
62 35 16
62 75 10
62 113 14
62 55 17
62 45 1
63 88 12
63 81 15
63 122 5
63 68 12
63 14 10
63 120 18
63 67 19
63 28 19
63 121 11
63 50 18
63 117 20
63 70 17
63 52 9
63 92 1
63 126 17
63 39 3
63 62 7
63 123 13
63 16 9
63 5 16
63 27 13
63 35 11
63 13 16
63 87 6
63 101 8
63 112 14
63 78 20
63 124 3
63 110 3
63 118 11
63 60 16
64 63 12
64 8 9
64 71 6
64 121 14
64 23 2
64 126 10
64 95 8
64 30 1
64 78 1
64 81 13
64 113 11
64 56 5
64 17 19
64 127 10
64 101 8
64 54 12
65 122 4
65 115 1
65 61 14
65 121 5
65 127 20
65 123 17
65 119 9
65 85 10
65 74 15
65 100 8
65 70 12
65 71 13
65 96 10
65 88 6
65 52 19
65 98 3
65 84 9
65 33 17
65 72 19
65 28 16
65 93 12
65 49 6
65 69 7
65 14 4
65 39 17
65 99 14
65 25 2
65 68 15
65 91 3
65 51 16
65 125 18
65 105 6
65 13 14
65 45 4
65 55 7
65 118 9
65 26 9
65 31 1
65 114 11
65 8 14
65 46 7
65 75 20
65 108 17
65 102 19
65 43 12
65 16 16
65 124 17
65 41 5
65 104 2
65 117 15
65 24 17
65 92 6
66 49 12
66 110 20
66 14 3
66 95 20
66 103 18
66 102 12
66 56 9
66 116 10
66 84 19
66 45 8
66 86 5
66 28 12
66 4 20
66 113 17
66 29 15
66 88 14
66 13 16
66 114 6
66 81 17
66 92 1
66 36 12
66 74 3
66 46 4
66 23 1
66 47 14
66 63 9
66 80 7
66 123 18
66 9 19
66 0 3
66 78 14
66 125 4
66 72 14
66 55 18
66 69 12
66 6 10
66 85 20
66 22 16
66 41 4
66 62 3
66 117 5
66 97 16
66 34 4
66 75 3
66 19 2
66 93 10
66 21 18
66 52 9
66 10 16
66 106 6
67 115 9
67 82 15
67 66 12
67 102 8
67 46 16
67 70 9
67 50 20
67 39 20
67 54 16
67 16 20
67 103 8
67 5 5
67 127 4
67 65 16
67 84 12
67 69 5
67 125 17
67 126 17
67 80 12
67 48 13
67 61 15
67 60 14
67 33 17
67 19 17
67 112 1
67 30 19
67 28 19
67 68 4
67 99 13
67 87 9
67 81 11
67 109 15
67 55 13
69 90 20
69 98 11
69 104 2
69 31 19
69 48 4
69 125 2
69 79 10
69 41 3
69 26 8
69 118 20
69 87 17
69 40 6
69 61 18
69 60 12
69 96 2
69 97 11
69 105 2
69 21 7
69 94 5
69 49 6
69 76 16
69 46 13
69 108 2
69 112 13
69 92 8
69 13 5
69 29 3
69 120 11
69 89 2
69 103 1
70 49 5
70 78 6
70 55 6
70 60 9
70 54 1
70 121 15
70 52 6
70 94 5
70 110 18
70 48 8
70 81 18
70 12 13
70 115 8
70 91 4
70 46 7
70 4 17
70 75 13
70 72 10
70 117 14
70 97 4
70 33 1
70 100 8
70 61 7
70 114 12
70 74 14
70 95 2
70 102 7
70 23 20
70 36 13
70 21 15
70 96 17
70 88 18
70 68 6
70 92 8
70 24 2
70 14 10
70 47 13
70 30 12
70 53 12
70 124 2
71 4 18
71 86 6
71 61 13
71 120 11
71 24 1
71 40 10
71 19 7
71 88 11
71 92 7
71 63 15
71 100 5
71 45 7
71 7 14
71 125 8
71 34 20
71 33 6
71 113 20
71 83 20
71 85 16
71 110 11
71 101 17
71 81 1
71 127 2
71 25 18
71 15 13
71 87 13
71 46 17
71 16 13
71 14 3
71 97 10
71 66 14
71 59 12
71 96 10
72 9 14
72 123 10
72 17 2
72 83 16
72 105 5
72 79 6
72 127 1
72 2 2
72 15 12
72 33 17
72 36 1
72 41 10
72 82 9
72 107 15
72 16 13
72 98 6
72 111 1
72 67 15
72 74 6
72 118 12
72 44 8
72 75 7
72 115 11
72 89 9
72 12 17
72 51 10
72 29 20
72 96 19
72 102 3
72 81 11
72 47 19
72 23 10
72 31 12
72 34 14
72 78 7
72 113 2
72 38 8
72 109 13
72 84 17
72 8 9
72 10 2
72 77 8
72 28 5
73 103 11
73 77 7
73 49 1
73 100 19
73 126 13
73 41 19
73 107 2
73 67 9
73 85 3
73 3 9
73 78 20
73 5 1
73 101 11
73 1 16
73 52 5
73 111 6
73 29 17
73 61 18
73 62 8
73 92 8
73 47 17
73 86 15
74 56 10
74 115 1
74 91 13
74 3 1
74 121 3
74 71 1
74 36 1
74 30 9
74 110 7
74 39 7
74 9 16
74 126 8
74 75 19
74 111 11
74 4 15
74 6 13
74 87 5
74 50 15
75 107 17
75 102 13
75 125 9
75 49 17
75 115 13
75 117 3
75 87 12
75 36 10
75 60 16
75 68 9
75 9 20
75 54 11
75 108 14
75 34 16
75 114 17
75 48 20
75 17 14
75 37 8
75 83 8
75 81 17
75 111 7
78 97 12
78 87 7
78 93 8
78 98 13
78 106 12
78 102 10
78 96 14
78 125 19
78 26 3
78 79 4
78 9 16
78 55 8
78 127 13
78 34 17
78 118 16
78 53 20
78 116 8
78 92 9
78 122 2
79 124 3
79 122 16
81 122 16
81 99 11
81 61 3
81 100 5
81 37 13
81 112 8
82 93 12
82 52 7
82 44 3
82 86 18
82 53 18
82 104 9
82 105 6
82 32 20
82 9 7
82 127 3
82 87 19
82 50 5
82 76 14
82 126 6
82 35 16
82 38 9
82 25 11
82 55 16
82 47 8
82 88 6
82 6 19
82 64 3
82 26 10
82 14 14
82 73 18
82 116 11
82 13 6
82 81 14
82 80 19
82 16 1
82 118 11
82 77 8
82 30 10
82 62 15
82 92 6
82 108 5
82 45 1
82 94 18
83 113 20
83 80 11
83 115 5
83 109 2
83 108 18
83 44 1
83 20 20
83 81 7
83 13 20
83 110 3
83 35 11
83 106 3
83 41 4
83 86 6
83 69 9
83 123 11
83 31 4
83 126 18
83 78 7
83 46 13
83 95 5
84 4 2
84 106 6
84 2 6
84 96 14
84 79 13
84 98 5
84 48 10
84 108 20
84 94 9
84 33 11
84 80 7
84 13 11
84 125 1
84 126 16
84 12 7
84 102 5
84 43 7
84 51 6
84 77 12
84 101 20
84 91 8
84 95 19
84 103 15
84 123 16
84 14 7
84 8 14
84 115 2
84 73 6
84 120 8
84 37 14
84 100 9
84 19 7
85 94 12
85 84 19
85 107 9
85 99 18
85 91 3
85 122 15
85 57 10
85 70 4
85 78 11
85 63 18
85 109 12
85 104 17
85 108 17
85 106 6
85 51 18
86 12 1
86 104 7
86 64 11
86 6 11
86 31 7
86 123 11
86 127 20
86 120 4
86 47 8
86 125 1
86 105 19
86 112 9
86 95 3
86 85 16
86 117 4
86 65 10
86 41 1
86 7 2
86 32 15
86 109 12
86 124 1
86 30 2
86 76 18
86 54 9
86 34 4
86 59 3
86 89 7
86 106 1
86 24 17
86 1 2
86 114 2
86 94 20
86 88 11
86 16 17
88 33 4
88 115 10
88 87 3
88 118 3
88 47 10
88 3 12
88 99 17
88 19 11
88 76 13
88 97 10
88 107 1
88 0 18
88 103 18
88 80 4
88 106 15
88 73 12
88 23 2
88 60 16
88 44 15
88 109 3
88 126 6
88 89 5
89 112 12
89 82 11
89 78 10
89 52 15
89 15 9
89 35 19
89 101 11
89 6 12
89 22 19
89 46 16
89 74 19
89 30 2
89 63 9
89 14 19
89 38 18
89 99 14
89 40 11
89 53 5
89 98 1
89 47 3
89 126 3
89 81 13
89 2 16
90 4 16
90 7 20
90 120 19
90 104 16
90 44 19
90 38 7
90 17 18
90 114 18
90 21 7
90 87 11
90 71 4
90 113 19
90 126 10
90 108 7
90 67 8
90 121 14
90 82 17
90 127 14
90 6 8
90 103 7
90 79 11
90 99 2
92 80 8
92 34 8
92 127 7
93 59 10
93 1 8
93 110 5
93 114 20
93 34 4
93 71 11
93 109 13
93 3 18
93 36 6
93 92 20
93 117 11
94 26 2
94 88 19
94 6 18
94 0 19
94 111 10
94 31 20
94 96 18
94 98 6
94 59 20
94 80 12
94 12 15
94 92 18
94 47 15
94 52 14
94 8 6
94 39 11
94 40 16
94 123 16
94 117 7
94 97 4
94 41 5
94 81 2
94 23 4
94 55 7
94 93 5
94 15 13
94 102 2
94 83 16
94 44 19
94 4 15
94 91 14
94 14 5
94 77 10
94 5 16
94 63 4
94 116 5
94 1 3
94 68 4
94 60 14
94 74 8
94 56 8
94 89 3
94 29 3
94 78 15
94 25 4
94 105 6
95 28 10
95 96 18
95 93 18
95 46 4
95 17 2
95 118 16
95 94 8
95 32 19
95 50 11
95 103 2
95 81 15
95 97 3
95 10 11
95 106 17
95 76 3
95 45 6
95 82 17
95 37 20
95 75 4
95 6 10
95 124 11
95 100 1
95 44 13
95 19 1
95 79 13
95 72 12
95 112 11
95 74 1
95 63 19
95 55 4
95 104 19
95 62 20
95 87 19
95 7 11
95 5 2
95 31 15
95 116 14
95 99 17
95 80 16
95 101 3
95 122 12
95 34 14
96 55 18
96 109 16
96 0 18
96 41 6
96 75 15
96 3 3
96 126 3
96 104 4
96 17 6
96 108 20
96 61 5
96 93 3
96 28 15
96 90 14
96 14 2
96 32 5
96 86 7
96 47 2
96 62 15
96 116 1
96 9 15
96 85 10
97 101 16
97 8 1
97 31 4
97 76 16
97 1 9
97 50 17
97 127 9
97 15 13
97 38 9
97 113 14
97 36 20
97 47 14
97 123 14
97 100 19
97 111 1
97 61 1
97 48 2
97 62 2
97 57 9
97 30 4
97 121 12
97 37 19
97 27 11
97 102 4
97 25 1
97 5 14
97 108 13
97 64 11
97 124 17
100 52 5
100 102 3
100 126 1
100 33 15
100 61 16
100 103 3
100 105 12
100 76 16
100 113 16
100 101 17
100 8 9
100 34 8
100 29 15
100 0 13
100 39 15
100 28 6
100 15 20
100 122 17
100 79 6
100 19 5
100 54 18
100 13 18
100 110 17
100 85 19
100 75 7
100 21 4
100 125 18
100 36 4
100 43 13
100 23 3
100 51 16
100 74 16
100 77 11
101 119 6
101 47 11
101 99 17
101 45 5
101 118 3
101 117 3
101 83 14
101 103 8
102 73 3
102 77 1
102 22 5
102 6 20
102 39 14
102 31 3
102 79 6
102 107 17
102 45 5
102 120 17
102 54 9
102 109 19
102 118 14
102 91 12
102 123 19
102 83 7
102 52 2
102 16 19
102 111 11
102 112 14
102 82 10
102 88 9
102 96 13
102 113 14
102 115 4
102 63 3
102 103 2
102 126 2
102 8 9
102 93 4
102 101 15
102 121 10
102 23 7
102 36 17
102 25 6
102 33 20
102 59 9
105 120 15
105 2 10
105 126 14
105 31 8
105 22 7
105 73 20
105 106 18
105 17 17
105 74 5
105 63 19
105 79 10
105 30 5
105 33 18
105 103 16
105 81 11
105 104 15
105 34 20
105 83 10
105 84 13
105 125 20
105 123 16
105 93 5
105 55 10
105 114 12
105 5 6
105 54 8
105 49 14
105 90 4
106 96 18
106 19 10
106 15 9
106 73 8
106 101 13
106 72 11
106 80 12
106 91 12
106 125 8
106 119 16
106 97 16
106 38 3
106 107 5
106 120 16
106 113 4
106 27 2
106 69 5
106 64 14
106 7 9
106 117 5
106 23 15
106 41 15
106 45 9
106 54 16
106 110 11
106 13 10
109 94 13
109 59 4
109 31 20
109 1 16
109 99 19
109 48 9
109 54 9
109 92 1
109 119 14
109 118 16
109 35 10
109 69 11
109 87 7
109 51 9
109 71 15
109 78 15
109 126 4
109 55 14
109 12 10
109 98 11
109 117 11
109 40 3
109 33 18
109 46 15
109 81 18
109 107 8
109 6 18
109 123 18
109 2 13
109 50 5
109 115 2
109 21 5
109 68 20
109 114 11
109 8 2
109 3 10
109 95 20
109 121 16
109 112 20
109 77 17
109 101 20
109 120 8
109 79 2
109 90 17
109 62 5
112 39 6
112 5 17
112 9 9
112 121 17
112 87 20
112 23 3
112 117 20
112 77 17
112 49 5
112 116 20
112 80 15
112 32 16
112 28 18
112 103 10
112 41 4
112 0 18
112 113 16
112 38 16
112 42 6
112 48 19
112 26 4
112 33 6
112 17 1
112 111 13
114 28 14
114 5 1
114 35 3
114 120 3
114 122 11
114 101 16
114 7 13
114 71 11
114 10 7
114 20 7
114 2 3
114 57 20
114 47 6
114 30 19
114 55 3
114 17 12
114 107 11
114 72 1
114 76 1
114 88 19
114 23 12
114 67 4
114 59 12
115 59 17
115 36 15
115 35 8
115 97 14
115 123 12
115 8 5
115 87 3
115 46 3
115 31 12
115 38 4
115 61 13
115 71 5
115 4 11
115 44 11
115 94 12
115 127 18
115 14 10
115 24 10
115 40 20
115 37 19
115 73 8
115 90 18
115 101 18
115 60 18
115 100 18
115 13 2
115 98 3
115 2 9
115 81 2
115 23 6
115 17 3
116 86 12
116 17 5
116 57 16
116 107 17
116 41 6
119 114 14
119 33 15
119 76 3
119 23 18
119 47 11
119 8 1
119 2 15
119 29 6
119 31 16
119 127 17
119 68 3
119 73 11
119 97 2
119 120 17
119 43 12
119 48 4
119 61 3
119 49 20
119 113 6
119 22 3
119 93 8
119 80 18
119 56 14
119 35 18
119 110 6
119 70 16
119 30 16
119 115 17
119 32 11
119 91 14
119 83 20
119 71 7
119 78 5
119 117 5
119 60 15
119 46 18
119 17 19
119 28 14
119 19 11
119 64 18
119 63 1
119 67 2
119 95 6
120 42 7
120 31 6
120 2 13
120 15 6
120 40 7
120 85 9
120 73 2
120 43 5
120 116 20
120 75 1
120 10 14
120 6 15
120 101 20
120 60 1
120 35 7
120 107 9
120 19 7
120 52 12
120 29 6
120 47 5
120 20 4
120 46 17
120 91 5
120 80 17
120 79 14
120 72 14
120 112 15
120 8 11
120 64 2
120 55 12
120 121 1
120 103 13
121 96 19
121 44 17
121 6 2
121 78 15
121 123 11
121 114 8
121 0 15
121 98 4
121 82 2
121 57 19
121 116 2
121 68 8
121 105 15
121 73 7
121 48 15
122 35 15
122 9 12
122 32 20
122 41 8
122 57 3
122 30 8
122 105 14
122 40 19
122 13 12
122 82 20
122 20 8
122 115 7
122 73 17
122 76 4
122 108 3
122 5 19
122 52 1
122 93 1
122 47 20
122 29 17
122 49 9
122 106 3
122 116 11
122 50 2
122 99 14
122 67 19
122 28 18
122 25 15
122 98 9
122 46 15
122 1 14
122 86 13
122 38 14
122 125 6
122 69 9
122 74 13
122 77 2
122 97 13
122 88 17
122 0 17
122 90 3
122 61 12
122 89 17
122 110 13
123 44 14
123 38 2
123 60 2
123 75 8
123 51 10
123 57 2
123 77 6
123 46 4
123 39 18
123 113 15
123 9 9
123 120 10
123 98 20
123 30 10
123 96 6
123 78 2
123 81 19
123 56 14
123 91 12
123 99 2
123 28 8
123 80 13
123 1 17
123 32 13
123 82 11
123 3 10
123 124 3
127 73 13
127 38 18
127 74 8
127 79 9
127 21 9
127 29 9
127 1 13
127 52 16
127 106 3
127 68 8
127 104 7
127 23 4
127 120 20
127 108 13
127 55 11
127 14 4
127 98 11
127 123 13
127 75 19
127 57 18
127 121 1
127 126 6
