6
10
14
15
33
33
35
38
69
79
79
91
99
110
120
121
121
126
133
137
144
149
150
163
168
175
184
188
192
192
194
218
221
229
229
230
239
239
247
252
260
272
275
278
281
281
285
288
294
304
311
315
316
317
319
344
350
354
371
376
382
390
408
410
411
411
414
417
443
446
446
446
448
453
455
458
458
459
460
462
472
473
476
480
500
501
518
519
523
523
524
526
527
529
532
535
548
553
561
565
578
579
588
598
605
609
633
646
665
691
694
696
736
741
747
750
756
770
781
807
817
830
838
843
847
872
873
894
919
941
942
971
976
989
991
996
1002
1002
1005
1025
1034
1044
1064
1065
1067
1071
1118
1145
1169
1193
1213
1228
1230
1244
1246
1268
1269
1273
1274
1276
1285
1296
1303
1305
1305
1323
1327
1328
1336
1338
1342
1368
1368
1372
1373
1384
1392
1395
1399
1408
1408
1414
1423
1424
1427
1431
1444
1453
1516
1520
1528
1532
1545
1558
1565
1566
1567
1571
1577
1582
1582
1592
1599
1600
1628
1632
1634
1635
1641
1647
1648
1661
1662
1668
1675
1686
1686
1702
1704
1706
1711
1711
1717
1720
1720
1738
1751
1753
1756
1765
1773
1792
1797
1797
1816
1819
1819
1824
1834
1836
1840
1842
1850
1859
1859
1866
1873
1878
1906
1908
1927
1929
1938
1940
1949
1950
1951
1952
1986
1996
2000
2020
2041
2049
2053
2072
2074
2077
2079
2086
2094
2111
2133
2135
2141
2141
2153
2159
2161
2202
2240
2257
2272
2276
2283
2290
2290
2295
2321
2325
2326
2336
2340
2357
2362
2363
2369
2369
2377
2382
2390
2398
2408
2412
2415
2423
2431
2432
2456
2459
2482
2482
2487
2501
2506
2517
2522
2525
2544
2552
2552
2564
2579
2579
2582
2589
2598
2605
2615
2624
2627
2653
2656
2665
2672
2672
2696
2702
2706
2716
2725
2740
2740
2744
2746
2760
2763
2770
2785
2797
2812
2829
2829
2837
2838
2841
2848
2864
2870
2873
2894
2894
2910
2915
2928
2939
2951
2954
2956
2971
2980
2984
2992
3002
3005
3008
3015
3016
3018
3019
3027
3050
3057
3057
3058
3063
3090
3094
3100
3102
3112
3119
3136
3147
3151
3153
3154
3158
3158
3167
3168
3176
3182
3196
3205
3207
3211
3239
3267
3270
3270
3278
3282
3283
3284
3297
3304
3313
3326
3329
3329
3350
3360
3361
3361
3365
3368
3369
3404
3405
3416
3422
3427
3428
3446
3459
3465
3467
3468
3485
3487
3493
3507
3513
3520
3535
3539
3553
3565
3568
3572
3574
3580
3581
3589
3589
3598
3607
3611
3620
3624
3636
3637
3640
3643
3644
3653
3657
3664
3679
3696
3704
3712
3722
3727
3739
3741
3741
3751
3752
3764
3769
3775
3788
3792
3795
3796
3798
3805
3812
3832
3853
3863
3877
3900
3905
3909
3915
3929
3932
3940
3947
3950
3951
3969
3980
4001
4033
4037
4038
4038
4042
4052
4053
4057
4064
4067
4070
4070
4075
4082
4091
4091
4091
4107
4113
4114
4120
4121
4128
4130
4138
4139
4152
4163
4171
4174
4180
4184
4198
4213
4217
4242
4249
4251
4251
4253
4254
4271
4272
4297
4310
4313
4327
4328
4330
4331
4335
4336
4350
4356
4362
4362
4405
4414
4425
4429
4431
4452
4456
4460
4465
4478
4484
4494
4507
4529
4538
4553
4560
4567
4577
4593
4597
4601
4609
4636
4638
4643
4647
4652
4661
4664
4685
4687
4688
4689
4701
4702
4710
4719
4721
4722
4725
4730
4739
4765
4769
4787
4809
4829
4832
4845
4853
4853
4882
4891
4894
4901
4909
4919
4923
4946
4949
4954
4981
4983
4989
5011
5017
5046
5056
5056
5072
5072
5079
5081
5087
5091
5093
5109
5119
5127
5127
5151
5151
5163
5168
5174
5179
5219
5224
5233
5244
5252
5262
5275
5330
5358
5366
5372
5374
5381
5386
5390
5393
5395
5397
5401
5401
5415
5417
5431
5437
5445
5450
5458
5492
5492
5499
5503
5505
5539
5544
5549
5562
5588
5595
5599
5602
5608
5609
5610
5613
5615
5624
5629
5636
5638
5647
5668
5688
5717
5744
5745
5747
5754
5758
5781
5800
5818
5820
5823
5824
5831
5836
5837
5841
5844
5878
5885
5911
5920
5931
5939
5946
5970
5976
5993
5998
5998
6002
6014
6022
6033
6036
6037
6051
6055
6063
6077
6082
6102
6127
6134
6140
6162
6162
6172
6187
6210
6220
6231
6238
6247
6266
6274
6277
6284
6287
6290
6297
6308
6317
6321
6331
6335
6338
6351
6366
6367
6368
6370
6378
6388
6393
6398
6408
6420
6441
6445
6445
6450
6450
6451
6469
6475
6480
6484
6506
6509
6509
6515
6515
6516
6521
6534
6537
6543
6554
6559
6569
6577
6592
6598
6603
6606
6609
6610
6612
6616
6629
6640
6646
6651
6652
6655
6658
6671
6675
6680
6688
6698
6701
6714
6728
6728
6739
6752
6756
6756
6757
6760
6764
6769
6779
6780
6792
6798
6811
6811
6820
6830
6830
6831
6831
6837
6848
6850
6852
6864
6871
6873
6874
6884
6887
6890
6895
6915
6916
6940
6947
6974
6976
6990
6993
6999
7010
7011
7034
7051
7051
7058
7058
7069
7077
7085
7086
7086
7096
7131
7140
7149
7153
7154
7160
7167
7176
7182
7183
7187
7189
7194
7195
7205
7206
7207
7210
7217
7223
7249
7257
7262
7262
7287
7301
7302
7302
7311
7317
7319
7323
7324
7327
7337
7339
7348
7353
7369
7375
7384
7396
7408
7417
7426
7445
7446
7508
7518
7519
7538
7546
7550
7557
7560
7561
7575
7575
7576
7591
7592
7599
7606
7634
7646
7649
7657
7662
7671
7683
7684
7686
7693
7701
7716
7720
7724
7725
7730
7731
7736
7738
7739
7743
7768
7779
7781
7786
7787
7790
7792
7792
7794
7815
7815
7828
7835
7843
7847
7848
7850
7851
7852
7872
7876
7878
7880
7883
7886
7900
7910
7930
7938
7945
7962
7987
8001
8021
8023
8023
8050
8054
8082
8083
8085
8086
8099
8103
8126
8131
8132
8136
8147
8176
8177
8192
8210
8225
8227
8231
8251
8254
8275
8276
8282
8285
8290
8294
8303
8303
8319
8320
8325
8329
8333
8333
8350
8352
8354
8359
8364
8364
8371
8372
8375
8376
8390
8393
8402
8402
8413
8415
8424
8427
8432
8433
8438
8443
8445
8453
8457
8464
8480
8492
8495
8523
8523
8536
8558
8562
8563
8569
8579
8582
8605
8617
8625
8632
8643
8650
8651
8661
8670
8670
8676
8679
8693
8696
8704
8717
8720
8733
8735
8737
8754
8773
8781
8791
8792
8794
8798
8801
8804
8824
8835
8839
8840
8840
8842
8844
8845
8847
8849
8862
8863
8866
8870
8880
8892
8900
8905
8909
8928
8939
8939
8943
8949
8951
8961
8963
8975
8979
8983
8984
8985
8989
8990
8996
9006
9013
9013
9030
9033
9043
9050
9054
9077
9078
9085
9090
9100
9101
9114
9127
9141
9144
9150
9161
9162
9177
9188
9189
9208
9213
9215
9220
9231
9237
9241
9248
9249
9252
9258
9265
9266
9279
9282
9286
9288
9311
9321
9326
9364
9366
9378
9379
9381
9385
9388
9394
9397
9397
9411
9416
9416
9443
9449
9467
9474
9480
9493
9496
9501
9504
9506
9506
9511
9511
9513
9523
9525
9526
9537
9538
9545
9545
9547
9547
9548
9551
9553
9556
9564
9570
9582
9589
9594
9594
9598
9603
9608
9613
9622
9625
9650
9664
9667
9669
9671
9701
9716
9725
9726
9726
9732
9739
9742
9743
9749
9755
9755
9755
9758
9768
9773
9777
9783
9788
9791
9797
9806
9823
9827
9836
9839
9844
9879
9888
9925
9926
9927
9957
9960
9964
9970
9979
9993
9997
10001
10003
10005
10014
10029
10034
10034
10036
10044
10048
10050
10053
10070
10071
10071
10074
10082
10093
10102
10107
10149
10150
10158
10169
10174
10177
10181
10185
10190
10198
10200
10211
10211
10227
10229
10252
10272
10300
10302
10337
10340
10342
10347
10363
10367
10371
10390
10400
10456
10463
10466
10469
10470
10485
10492
10493
10496
10497
10504
10505
10508
10525
10527
10528
10546
10551
10552
10553
10558
10559
10592
10597
10609
10613
10645
10650
10656
10658
10662
10663
10673
10675
10711
10729
10733
10755
10759
10765
10769
10792
10793
10803
10807
10810
10816
10823
10827
10833
10833
10838
10839
10844
10845
10864
10865
10873
10885
10903
10921
10939
10944
10950
10956
10962
10966
10967
10984
10986
10988
10999
11013
11014
11036
11050
11055
11073
11079
11081
11085
11087
11095
11096
11113
11114
11143
11143
11187
11196
11199
11202
11205
11205
11206
11217
11222
11229
11244
11248
11254
11275
11277
11301
11303
11313
11331
11346
11346
11350
11352
11359
11361
11373
11376
11380
11381
11390
11403
11435
11462
11476
11482
11507
11514
11519
11528
11551
11576
11578
11579
11582
11594
11603
11614
11621
11623
11626
11631
11633
11638
11650
11661
11678
11679
11682
11697
11703
11707
11727
11735
11740
11751
11762
11765
11790
11801
11820
11840
11844
11845
11849
11849
11861
11862
11862
11867
11915
11936
11944
11944
11971
11984
11992
11999
12014
12017
12041
12052
12053
12062
12062
12064
12075
12092
12092
12093
12093
12093
12133
12152
12161
12162
12170
12173
12189
12191
12201
12204
12220
12224
12237
12245
12248
12263
12264
12268
12269
12270
12276
12308
12316
12319
12332
12333
12339
12340
12341
12343
12343
12359
12361
12384
12390
12390
12391
12398
12401
12402
12404
12405
12408
12418
12423
12426
12432
12433
12443
12467
12469
12472
12472
12485
12501
12501
12508
12556
12568
12585
12597
12599
12608
12611
12612
12615
12622
12633
12639
12640
12670
12687
12689
12696
12700
12733
12741
12747
12747
12752
12765
12766
12780
12786
12805
12806
12806
12809
12811
12816
12835
12838
12860
12881
12885
12895
12910
12912
12915
12916
12917
12920
12927
12927
12935
12942
12942
12946
12954
12961
12979
13005
13031
13040
13050
13051
13058
13064
13078
13085
13086
13100
13116
13120
13122
13131
13132
13142
13153
13158
13170
13187
13192
13210
13215
13215
13225
13230
13234
13245
13253
13256
13267
13275
13298
13299
13328
13330
13331
13331
13331
13339
13340
13346
13348
13356
13364
13369
13371
13388
13395
13411
13420
13427
13437
13446
13450
13450
13461
13471
13471
13492
13496
13502
13504
13506
13523
13525
13529
13532
13532
13533
13533
13534
13542
13547
13552
13553
13570
13578
13590
13599
13600
13610
13614
13617
13623
13628
13629
13636
13641
13654
13659
13668
13682
13698
13700
13705
13705
13708
13709
13724
13732
13732
13734
13735
13739
13747
13750
13758
13759
13765
13769
13774
13776
13785
13798
13818
13819
13819
13820
13828
13830
13839
13845
13846
13859
13860
13866
13873
13887
13893
13902
13904
13912
13913
13914
13917
13926
13954
13972
13977
13981
13981
13983
13984
13994
13997
14036
14040
14040
14042
14052
14059
14080
14085
14085
14089
14095
14097
14100
14122
14139
14148
14165
14167
14169
14174
14185
14190
14193
14195
14225
14229
14231
14233
14242
14250
14258
14259
14261
14264
14265
14272
14312
14324
14327
14328
14342
14353
14355
14355
14356
14371
14372
14385
14390
14390
14399
14400
14401
14407
14418
14421
14422
14425
14437
14450
14464
14468
14486
14507
14512
14527
14541
14542
14546
14568
14579
14579
14582
14605
14612
14616
14628
14634
14635
14639
14641
14646
14648
14648
14659
14659
14673
14695
14699
14704
14708
14710
14717
14734
14752
14766
14767
14768
14771
14782
14784
14785
14786
14790
14806
14826
14841
14857
14858
14861
14868
14878
14880
14890
14894
14901
14905
14913
14913
14923
14931
14944
14952
14958
14966
14970
14971
14979
14979
14982
14990
14991
15008
15014
15020
15036
15044
15070
15076
15076
15077
15086
15098
15098
15105
15123
15131
15135
15137
15143
15143
15146
15153
15165
15176
15198
15198
15198
15199
15203
15207
15214
15225
15259
15264
15277
15286
15292
15313
15321
15332
15337
15359
15377
15384
15406
15407
15407
15417
15423
15438
15454
15463
15465
15472
15479
15483
15484
15494
15502
15509
15514
15519
15520
15521
15528
15551
15551
15574
15580
15610
15617
15627
15630
15638
15641
15644
15646
15658
15662
15670
15682
15695
15716
15727
15729
15731
15740
15745
15753
15761
15765
15779
15780
15780
15788
15793
15830
15832
15836
15843
15856
15858
15867
15871
15885
15889
15890
15919
15927
15939
15948
15966
15969
15984
16003
16009
16011
16057
16064
16066
16102
16103
16108
16108
16127
16135
16136
16141
16149
16155
16166
16170
16179
16214
16222
16243
16253
16254
16259
16260
16266
16266
16267
16269
16282
16297
16307
16310
16325
16343
16360
16361
16367
16368
16376
16380
16384
16384
16392
16396
16398
16399
16407
16422
16430
16438
16451
16451
16466
16480
16482
16507
16515
16517
16523
16533
16575
16579
16579
16582
16594
16595
16595
16597
16609
16613
16619
16620
16625
16640
16645
16659
16659
16662
16662
16664
16665
16675
16677
16677
16708
16719
16719
16727
16735
16751
16760
16762
16770
16787
16790
16799
16807
16809
16812
16815
16820
16823
16824
16829
16835
16838
16849
16887
16889
16897
16899
16907
16916
16921
16921
16928
16941
16945
16957
16957
16959
16967
16967
16974
16987
16995
17000
17003
17011
17019
17020
17024
17025
17025
17025
17035
17037
17038
17040
17044
17050
17056
17066
17067
17074
17074
17085
17091
17105
17120
17121
17121
17125
17125
17127
17127
17131
17133
17157
17163
17166
17188
17199
17211
17217
17230
17251
17253
17253
17255
17255
17268
17269
17275
17280
17289
17297
17308
17351
17351
17351
17366
17376
17378
17380
17384
17400
17401
17405
17412
17415
17415
17417
17417
17443
17445
17448
17461
17469
17469
17472
17477
17477
17487
17491
17499
17504
17514
17516
17517
17525
17538
17542
17545
17546
17546
17550
17571
17581
17592
17619
17633
17633
17641
17644
17652
17656
17658
17659
17665
17668
17685
17686
17689
17697
17699
17703
17721
17725
17740
17740
17741
17761
17761
17762
17762
17763
17771
17776
17787
17791
17794
17812
17814
17821
17833
17837
17843
17849
17850
17858
17860
17872
17886
17897
17897
17900
17906
17911
17912
17914
17916
17922
17936
17937
17940
17951
17952
17954
17957
17962
17963
17969
17987
17990
17992
17995
18005
18011
18013
18021
18049
18052
18078
18082
18085
18087
18103
18112
18130
18137
18144
18147
18161
18180
18187
18191
18193
18214
18215
18239
18257
18257
18267
18270
18281
18286
18297
18300
18301
18304
18306
18320
18326
18326
18342
18343
18346
18366
18386
18424
18428
18447
18456
18459
18465
18471
18485
18493
18514
18515
18518
18521
18540
18546
18549
18550
18551
18553
18557
18566
18566
18568
18569
18570
18580
18580
18590
18592
18598
18629
18633
18633
18640
18640
18643
18648
18657
18660
18673
18678
18678
18690
18697
18702
18707
18709
18736
18744
18749
18755
18774
18775
18797
18798
18802
18804
18814
18817
18817
18825
18825
18825
18828
18834
18846
18851
18852
18883
18907
18911
18920
18937
18938
18962
18969
18975
18990
18999
19020
19025
19031
19036
19037
19048
19049
19050
19055
19057
19063
19067
19079
19082
19088
19091
19095
19101
19106
19107
19117
19118
19126
19127
19137
19140
19142
19153
19166
19169
19171
19186
19193
19197
19200
19204
19204
19234
19250
19252
19257
19275
19287
19294
19296
19297
19297
19297
19311
19311
19330
19337
19338
19344
19368
19372
19382
19385
19386
19389
19393
19408
19414
19427
19432
19462
19466
19472
19484
19492
19504
19513
19519
19520
19536
19557
19561
19567
19577
19595
19636
19637
19640
19699
19723
19724
19726
19727
19731
19736
19760
19762
19766
19770
19775
19801
19802
19810
19814
19835
19836
19840
19860
19864
19889
19890
19913
19913
19920
19936
19943
19955
19979
19985
19998
20005
20012
20031
20038
20054
20057
20058
20064
20065
20076
20078
20082
20084
20090
20095
20097
20102
20112
20128
20129
20137
20147
20150
20153
20166
20173
20173
20176
20179
20180
20184
20191
20195
20258
20274
20275
20278
20283
20284
20291
20307
20308
20316
20329
20334
20343
20347
20362
20364
20368
20374
20376
20377
20378
20381
20386
20395
20398
20404
20413
20418
20421
20421
20421
20433
20437
20441
20442
20445
20460
20480
20484
20496
20503
20521
20524
20530
20538
20540
20543
20550
20560
20570
20578
20583
20584
20589
20622
20628
20638
20640
20644
20644
20650
20652
20663
20671
20671
20671
20676
20687
20696
20699
20700
20714
20733
20739
20763
20765
20777
20789
20811
20837
20840
20850
20856
20865
20875
20880
20891
20900
20909
20934
20956
20985
20992
20996
20996
21014
21018
21026
21027
21031
21032
21035
21039
21043
21048
21050
21077
21078
21083
21083
21107
21109
21115
21116
21123
21123
21129
21131
21159
21166
21168
21169
21173
21182
21182
21193
21199
21209
21213
21214
21233
21250
21270
21289
21302
21302
21315
21315
21326
21331
21343
21346
21348
21354
21389
21397
21404
21410
21418
21419
21423
21434
21434
21457
21458
21467
21469
21479
21497
21498
21500
21507
21511
21513
21517
21536
21540
21558
21563
21577
21591
21603
21605
21614
21626
21628
21634
21656
21664
21672
21678
21678
21685
21686
21692
21701
21708
21721
21729
21756
21759
21761
21763
21771
21782
21790
21790
21814
21832
21847
21863
21876
21877
21881
21884
21887
21893
21904
21907
21917
21929
21931
21931
21954
21962
21990
21996
21998
21999
22000
22009
22021
22023
22057
22062
22068
22071
22073
22075
22128
22151
22179
22182
22198
22203
22204
22205
22223
22250
22254
22257
22257
22272
22275
22278
22292
22304
22309
22312
22312
22329
22330
22333
22345
22361
22365
22367
22371
22382
22383
22386
22392
22419
22434
22454
22457
22460
22463
22474
22487
22489
22495
22498
22506
22525
22537
22560
22566
22566
22568
22570
22574
22587
22588
22596
22597
22608
22624
22624
22649
22671
22680
22684
22692
22695
22703
22721
22749
22753
22759
22759
22778
22786
22787
22787
22806
22810
22812
22814
22815
22820
22826
22826
22831
22837
22838
22854
22860
22862
22864
22871
22884
22914
22919
22920
22924
22926
22934
22935
22937
22967
22970
22991
22999
23004
23011
23011
23014
23014
23014
23030
23052
23072
23087
23090
23093
23096
23114
23114
23125
23131
23138
23139
23159
23166
23170
23175
23177
23180
23182
23202
23208
23213
23216
23231
23231
23241
23248
23251
23255
23258
23272
23272
23277
23283
23283
23296
23300
23307
23327
23349
23361
23377
23388
23389
23413
23418
23421
23424
23437
23437
23443
23444
23449
23463
23476
23480
23501
23523
23525
23526
23542
23547
23548
23553
23561
23570
23577
23584
23588
23593
23594
23595
23600
23604
23610
23614
23616
23628
23630
23630
23633
23641
23641
23651
23655
23657
23660
23660
23676
23682
23688
23695
23696
23698
23726
23729
23730
23737
23740
23753
23758
23761
23764
23774
23774
23775
23789
23791
23805
23809
23810
23810
23819
23826
23840
23855
23860
23860
23871
23877
23886
23895
23897
23898
23902
23905
23909
23921
23939
23949
23950
23958
23963
23970
23976
23990
23995
24009
24016
24023
24028
24036
24038
24039
24044
24047
24051
24074
24088
24104
24124
24140
24160
24161
24164
24165
24169
24176
24193
24204
24207
24222
24225
24238
24249
24252
24253
24253
24264
24268
24296
24296
24321
24381
24385
24391
24400
24402
24417
24426
24426
24427
24431
24438
24440
24455
24466
24477
24477
24492
24503
24519
24528
24548
24570
24591
24604
24610
24622
24625
24627
24632
24651
24661
24671
24686
24705
24706
24712
24717
24721
24729
24742
24752
24797
24809
24811
24813
24816
24816
24819
24832
24853
24854
24863
24891
24892
24897
24901
24904
24909
24928
24928
24932
24937
24941
24941
24945
24961
24967
24975
24980
24990
24990
24995
24997
25000
25015
25023
25024
25035
25042
25043
25045
25053
25056
25061
25063
25070
25087
25092
25101
25101
25110
25114
25123
25128
25149
25162
25162
25193
25200
25206
25208
25242
25251
25255
25258
25260
25262
25266
25268
25281
25289
25293
25302
25309
25317
25325
25328
25347
25349
25379
25381
25388
25414
25420
25425
25456
25459
25475
25476
25477
25489
25505
25522
25544
25559
25561
25565
25565
25570
25571
25572
25581
25582
25585
25586
25611
25612
25615
25616
25665
25682
25692
25698
25710
25713
25713
25716
25719
25736
25740
25746
25749
25755
25757
25764
25764
25778
25787
25796
25797
25800
25800
25804
25810
25818
25822
25822
25824
25835
25844
25858
25859
25880
25883
25884
25885
25889
25914
25925
25936
25949
25992
26001
26003
26003
26007
26014
26017
26043
26059
26072
26078
26083
26088
26117
26125
26130
26141
26143
26164
26165
26166
26172
26183
26193
26194
26195
26201
26202
26229
26230
26235
26236
26244
26251
26268
26294
26299
26306
26308
26311
26364
26365
26367
26367
26376
26389
26399
26426
26433
26441
26444
26450
26458
26469
26476
26486
26486
26489
26499
26499
26506
26515
26518
26522
26523
26531
26551
26558
26559
26561
26566
26568
26570
26585
26596
26596
26610
26615
26627
26629
26632
26645
26653
26664
26709
26709
26711
26723
26723
26727
26729
26740
26743
26746
26746
26747
26750
26756
26758
26760
26762
26766
26774
26783
26797
26799
26822
26824
26829
26861
26864
26868
26872
26874
26876
26877
26882
26883
26883
26886
26897
26911
26934
26939
26947
26956
26991
27001
27009
27014
27015
27017
27019
27023
27027
27027
27031
27039
27044
27051
27064
27065
27067
27070
27070
27076
27076
27088
27095
27106
27112
27135
27138
27140
27147
27154
27165
27191
27192
27193
27203
27212
27215
27225
27231
27241
27258
27267
27273
27284
27286
27292
27297
27308
27310
27314
27317
27324
27370
27374
27374
27374
27379
27386
27386
27392
27401
27407
27413
27413
27413
27414
27474
27492
27510
27511
27528
27533
27536
27539
27545
27559
27561
27566
27569
27569
27571
27580
27596
27613
27616
27623
27628
27630
27638
27649
27649
27650
27656
27662
27683
27688
27690
27705
27719
27736
27744
27745
27749
27755
27762
27769
27777
27802
27802
27810
27812
27813
27816
27817
27828
27840
27840
27843
27856
27861
27861
27875
27884
27892
27899
27902
27905
27910
27910
27913
27929
27935
27936
27942
27956
27964
27971
27978
27988
28018
28021
28033
28061
28063
28065
28084
28094
28095
28096
28099
28114
28116
28119
28141
28155
28158
28166
28174
28175
28183
28186
28196
28216
28217
28218
28219
28225
28227
28232
28232
28246
28258
28278
28282
28287
28288
28295
28302
28303
28315
28347
28353
28361
28367
28371
28374
28385
28422
28449
28456
28474
28484
28485
28493
28507
28514
28525
28530
28530
28540
28540
28579
28579
28592
28598
28603
28604
28605
28607
28611
28611
28627
28627
28628
28650
28667
28674
28691
28702
28710
28711
28714
28724
28727
28737
28737
28753
28753
28753
28755
28785
28800
28808
28814
28837
28840
28846
28846
28849
28850
28864
28868
28883
28897
28905
28908
28911
28939
28951
28964
28979
28983
28987
28991
28992
29025
29031
29036
29038
29049
29056
29062
29072
29073
29085
29095
29109
29114
29127
29133
29137
29143
29165
29168
29185
29189
29189
29192
29210
29216
29217
29219
29220
29223
29230
29231
29236
29240
29251
29278
29297
29303
29305
29308
29318
29328
29328
29329
29340
29349
29361
29362
29364
29389
29397
29400
29415
29418
29425
29439
29462
29480
29483
29488
29489
29491
29512
29512
29513
29517
29526
29533
29550
29570
29585
29609
29620
29623
29638
29643
29649
29649
29663
29673
29678
29682
29691
29691
29694
29698
29721
29768
29792
29804
29807
29808
29814
29817
29821
29822
29828
29829
29831
29835
29839
29844
29848
29859
29862
29865
29890
29904
29904
29935
29948
29962
29969
30006
30022
30024
30034
30051
30055
30059
30060
30066
30068
30094
30100
30146
30152
30162
30165
30173
30175
30177
30177
30193
30196
30208
30214
30244
30247
30266
30286
30286
30289
30290
30297
30327
30333
30334
30336
30345
30359
30360
30372
30373
30389
30404
30410
30421
30428
30429
30440
30445
30464
30471
30473
30480
30511
30513
30518
30519
30528
30530
30582
30593
30598
30634
30634
30635
30678
30681
30687
30688
30689
30711
30712
30720
30730
30752
30754
30762
30767
30770
30783
30791
30802
30807
30825
30827
30845
30848
30856
30859
30861
30868
30870
30872
30880
30883
30884
30895
30900
30914
30934
30941
30944
30949
30964
30967
30972
30993
31000
31012
31028
31038
31047
31063
31064
31067
31068
31098
31100
31108
31120
31123
31124
31145
31145
31166
31169
31172
31199
31214
31230
31232
31271
31273
31273
31275
31279
31288
31291
31310
31326
31336
31343
31357
31364
31366
31370
31384
31390
31394
31402
31407
31412
31414
31416
31422
31428
31429
31430
31446
31455
31467
31470
31478
31492
31516
31524
31529
31532
31533
31546
31549
31555
31566
31569
31579
31591
31591
31594
31594
31597
31606
31607
31621
31627
31634
31638
31654
31678
31684
31685
31689
31689
31692
31701
31708
31754
31767
31784
31784
31788
31799
31801
31813
31826
31842
31851
31868
31870
31876
31878
31878
31879
31883
31884
31891
31901
31937
31942
31951
31952
31969
31971
31984
32000
32007
32020
32023
32035
32044
32051
32056
32065
32069
32086
32098
32098
32101
32111
32118
32122
32138
32141
32146
32164
32175
32176
32189
32205
32219
32226
32229
32230
32241
32248
32250
32253
32256
32259
32268
32283
32317
32327
32334
32345
32356
32356
32373
32380
32415
32416
32416
32424
32427
32438
32456
32460
32463
32473
32475
32478
32494
32525
32527
32540
32543
32544
32557
32564
32566
32572
32592
32600
32604
32611
32614
32629
32633
32633
32643
32644
32646
32648
32655
32658
32666
32667
32669
32672
32676
32684
32685
32689
32691
32692
32708
32712
32715
32728
32730
32754
32766
