0 19 13
0 107 3
1 109 4
1 159 41
2 17 46
2 23 7
3 177 0
3 2 40
4 167 33
4 64 3
5 230 2
5 114 43
6 3 33
6 230 4
7 215 31
7 10 29
8 144 8
8 135 3
9 221 17
9 109 0
10 18 44
10 194 35
11 85 46
11 218 24
12 200 38
12 83 23
13 97 21
13 174 22
14 178 24
14 169 42
15 39 18
15 69 23
16 54 24
16 18 45
17 147 33
17 225 26
18 60 20
18 49 9
19 150 36
19 77 16
20 170 15
20 146 24
21 218 31
21 41 28
22 28 42
22 113 34
23 46 16
23 25 24
24 97 20
24 220 36
25 118 22
25 186 35
26 120 4
26 133 10
27 19 27
27 134 16
28 136 22
28 225 37
29 187 4
29 214 5
30 150 21
30 215 47
31 17 46
31 178 0
32 46 47
32 184 33
33 207 35
33 59 23
34 157 15
34 115 10
35 59 29
35 106 11
36 167 0
36 49 0
37 158 1
37 92 45
38 120 40
38 199 40
39 83 32
39 193 15
40 12 28
40 210 33
41 209 48
41 115 35
42 158 0
42 54 8
43 35 11
43 235 30
44 33 36
44 171 18
45 50 39
45 126 27
46 27 27
46 42 7
47 176 24
47 149 6
48 89 31
48 183 25
49 34 44
49 169 29
50 79 23
50 182 25
51 213 12
51 215 17
52 168 1
52 103 38
53 182 23
53 225 46
54 169 5
54 27 43
55 108 18
55 6 37
56 60 28
56 193 4
57 13 8
57 155 3
58 39 34
58 224 49
59 13 23
59 132 41
60 46 2
60 21 33
61 216 6
61 40 27
62 49 50
62 14 41
63 239 20
63 123 9
64 73 31
64 174 33
65 64 45
65 50 41
66 206 20
66 126 46
67 44 11
67 43 4
68 26 44
68 44 26
69 236 33
69 55 19
70 5 36
70 64 9
71 54 21
71 1 24
72 137 35
72 21 36
73 143 36
73 200 18
74 192 33
74 103 26
75 80 45
75 178 38
76 131 11
76 201 2
77 24 8
77 158 32
78 171 48
78 149 33
79 47 15
79 118 16
80 111 41
80 212 9
81 75 41
81 232 8
82 51 49
82 91 50
83 149 12
83 196 36
84 148 33
84 209 20
85 215 28
85 127 0
86 112 32
86 30 24
87 104 42
87 230 13
88 38 44
88 57 30
89 19 23
89 210 13
90 71 50
90 192 14
91 129 0
91 180 42
92 198 6
92 80 22
93 186 18
93 12 7
94 53 21
94 160 40
95 238 40
95 141 22
96 199 28
96 36 14
97 66 16
97 142 24
98 168 25
98 187 7
99 71 14
99 168 39
100 87 23
100 37 17
101 195 43
101 19 14
102 174 40
102 204 44
103 41 11
103 80 37
104 111 35
104 119 10
105 43 40
105 150 44
106 97 36
106 185 18
107 43 50
107 73 27
108 54 47
108 114 44
109 200 25
109 59 21
110 160 36
110 121 0
111 20 40
111 203 39
112 180 2
112 158 45
113 77 46
113 175 46
114 53 14
114 235 39
115 93 8
115 70 48
116 218 39
116 224 43
117 175 26
117 231 20
118 190 4
118 66 33
119 43 48
119 220 29
120 236 39
120 164 24
121 28 24
121 65 18
122 67 45
122 210 17
123 116 2
123 76 10
124 88 8
124 122 8
125 150 12
125 170 46
126 151 13
126 134 13
127 35 41
127 106 49
128 26 4
128 125 32
129 56 50
129 103 40
130 124 30
130 126 31
131 196 8
131 87 37
132 58 39
132 140 16
133 208 40
133 114 24
134 123 30
134 133 46
135 66 9
135 137 30
136 108 4
136 154 31
137 131 30
137 142 33
138 122 47
138 124 7
139 55 33
139 232 19
140 195 7
140 172 18
141 95 21
141 151 46
142 234 40
142 88 38
143 131 4
143 109 46
144 225 42
144 0 42
145 166 37
145 78 9
146 42 46
146 57 34
147 127 20
147 25 41
148 200 18
148 197 47
149 1 7
149 170 45
150 188 30
150 223 50
151 93 14
151 228 13
152 108 42
152 155 32
153 201 23
153 146 48
154 21 48
154 167 21
155 58 50
155 106 50
156 208 44
156 79 36
157 194 8
157 115 19
158 106 10
158 46 21
159 16 34
159 15 14
160 19 4
160 227 5
161 184 2
161 39 43
162 187 24
162 200 11
163 111 35
163 239 34
164 196 34
164 216 2
165 168 42
165 161 37
166 177 36
166 125 21
167 42 46
167 19 46
168 136 50
168 226 13
169 154 28
169 94 7
170 187 16
170 123 0
171 39 0
171 22 1
172 57 32
172 119 15
173 224 40
173 147 29
174 183 35
174 141 23
175 231 16
175 214 48
176 101 48
176 213 40
177 164 7
177 140 45
178 182 15
178 99 39
179 101 31
179 47 25
180 117 32
180 119 20
181 135 42
181 104 20
182 26 10
182 144 2
183 140 49
183 146 26
184 162 39
184 19 47
185 43 37
185 238 48
186 135 8
186 231 3
187 123 21
187 162 45
188 97 24
188 145 45
189 103 23
189 82 25
190 84 11
190 232 41
191 71 28
191 133 29
192 164 14
192 123 26
193 125 21
193 113 29
194 239 32
194 128 2
195 154 25
195 159 14
196 40 46
196 9 18
197 66 19
197 79 25
198 88 34
198 68 47
199 62 28
199 100 46
200 13 34
200 117 21
201 65 1
201 35 14
202 44 45
202 68 24
203 53 34
203 194 7
204 223 7
204 225 1
205 55 0
205 4 18
206 95 47
206 205 34
207 39 31
207 126 4
208 39 33
208 94 30
209 193 2
209 111 24
210 188 25
210 76 5
211 148 48
211 63 36
212 69 19
212 52 31
213 117 23
213 28 20
214 187 19
214 238 46
215 73 5
215 32 2
216 181 45
216 63 8
217 31 11
217 18 43
218 122 4
218 80 44
219 162 50
219 95 31
220 59 36
220 177 0
221 73 2
221 27 9
222 42 15
222 127 26
223 86 2
223 70 3
224 110 22
224 47 9
225 185 49
225 73 21
226 240 6
226 38 35
227 213 38
227 188 39
228 172 37
228 69 29
229 173 16
229 67 36
230 227 22
230 126 27
231 16 37
231 197 12
232 6 20
232 24 46
233 137 45
233 129 2
234 25 32
234 125 31
235 229 41
235 189 21
236 24 49
236 68 43
237 103 48
237 199 11
238 210 1
238 165 26
239 61 30
239 149 25
240 172 37
240 155 5
241 114 16
241 153 47
242 224 1
242 81 14
