0 19 13
0 350 3
0 352 4
1 645 41
1 503 46
1 23 7
2 663 0
2 245 40
2 410 33
3 307 3
3 230 2
3 600 43
4 489 33
4 716 4
4 458 31
5 496 29
5 387 8
5 621 3
6 221 17
6 352 0
6 504 44
7 680 35
7 85 46
7 218 24
8 443 38
8 326 23
8 340 21
9 417 22
9 421 24
9 169 42
10 282 18
10 555 23
10 540 24
11 504 45
11 147 33
11 225 26
12 303 20
12 49 9
12 636 36
13 563 16
13 170 15
13 389 24
14 461 31
14 527 28
14 514 42
15 113 34
15 532 16
15 268 24
16 583 20
16 706 36
16 361 22
17 429 35
17 363 4
17 133 10
18 19 27
18 620 16
18 622 22
19 468 37
19 430 4
19 457 5
20 393 21
20 701 47
20 503 46
21 178 0
21 289 47
21 427 33
22 450 35
22 545 23
22 157 15
23 115 10
23 545 29
23 59 11
24 309 25
24 411 41
24 313 16
25 30 5
25 37 38
25 616 39
26 308 1
26 507 2
26 625 40
27 198 33
27 123 18
27 599 47
28 321 34
28 362 5
28 236 24
29 231 14
29 507 7
29 87 3
30 228 15
30 18 11
30 42 30
31 712 39
31 252 30
31 198 11
32 149 26
32 575 31
32 669 25
33 34 44
33 535 29
33 611 34
34 79 47
34 668 25
34 699 12
35 701 17
35 411 1
35 103 38
36 668 23
36 225 46
36 655 5
37 27 43
37 108 18
37 492 37
38 546 28
38 193 4
38 256 8
39 398 3
39 525 34
39 467 49
40 256 23
40 375 41
40 532 2
41 264 33
41 459 6
41 526 27
42 535 50
42 257 41
42 725 20
43 366 9
43 559 31
43 417 33
44 64 45
44 50 41
44 692 20
45 369 46
45 287 11
45 286 4
46 269 44
46 44 26
46 722 33
47 55 19
47 491 36
47 64 9
48 540 21
48 487 24
48 137 35
49 380 36
49 426 21
49 459 20
50 438 44
50 98 12
50 333 37
51 644 32
51 263 28
51 704 29
52 206 45
52 44 30
52 552 41
53 378 9
53 57 50
53 367 29
54 329 43
54 87 30
54 671 11
55 281 6
55 580 40
55 293 48
56 402 22
56 186 41
56 474 34
57 191 10
57 427 20
57 255 11
58 29 13
58 162 31
58 171 24
59 121 38
59 8 35
59 492 35
60 707 0
60 343 37
60 491 24
61 539 11
61 168 3
61 516 45
62 255 42
62 391 45
62 339 2
63 283 9
63 579 30
63 205 26
64 172 49
64 652 37
64 427 39
65 41 31
65 181 12
65 621 42
66 469 10
66 607 18
66 647 31
67 270 26
67 539 30
67 533 42
68 244 46
68 518 39
68 373 43
69 98 24
69 473 42
69 442 5
70 86 11
70 241 3
70 667 35
71 269 46
71 129 12
71 636 40
72 263 41
72 108 37
72 194 31
73 179 39
73 145 21
73 417 35
74 546 5
74 528 13
74 568 37
75 255 44
75 335 8
75 165 48
76 559 20
76 619 20
76 11 22
77 330 32
77 203 10
77 714 24
78 360 25
78 643 8
78 440 11
79 191 1
79 205 21
79 144 40
80 423 27
80 695 19
80 681 37
81 453 11
81 180 5
81 726 28
82 669 5
82 344 4
82 701 3
83 499 2
83 149 19
83 617 4
84 645 35
84 1 39
84 37 44
85 223 31
85 395 47
85 127 47
86 571 4
86 692 2
86 395 44
87 322 29
87 663 31
87 283 1
88 164 48
88 697 10
88 180 48
89 511 37
89 19 2
89 537 40
90 12 30
90 115 45
90 0 43
91 435 33
91 337 44
91 73 36
92 273 1
92 474 26
92 134 40
93 697 23
93 528 34
93 346 25
94 499 19
94 411 24
94 435 37
95 361 44
95 367 34
95 119 24
96 568 25
96 685 5
96 471 16
97 123 33
97 121 6
97 84 43
98 655 27
98 250 27
98 479 15
99 470 22
99 549 43
99 512 17
100 667 47
100 99 31
100 624 14
101 173 17
101 329 16
101 400 12
102 129 30
102 620 21
102 56 26
103 78 45
103 498 38
103 120 27
104 629 11
104 695 46
104 620 4
105 69 46
105 572 7
105 361 32
106 427 1
106 549 28
106 202 28
107 620 43
107 628 48
107 74 10
108 626 17
108 640 46
108 714 15
109 287 46
109 674 26
109 595 36
110 325 41
110 635 49
110 660 6
111 139 15
111 306 5
111 243 21
112 43 11
112 109 36
112 713 4
113 349 19
113 589 22
113 409 28
114 511 34
114 372 10
114 12 30
115 238 24
115 161 13
115 486 24
116 343 17
116 596 50
116 110 9
117 80 15
117 250 3
117 498 45
118 450 13
118 505 47
118 82 48
119 159 41
119 492 38
119 216 32
120 4 3
120 556 14
120 59 35
121 416 48
121 264 5
121 659 45
122 616 50
122 449 11
122 232 6
123 338 20
123 249 11
123 83 24
124 292 40
124 612 4
124 35 1
125 720 3
125 255 18
125 57 3
126 687 45
126 21 31
126 77 22
127 661 31
127 422 10
127 578 18
128 592 34
128 392 32
128 458 40
129 191 41
129 69 33
129 143 11
130 716 23
130 128 23
130 220 32
131 224 34
131 31 30
131 648 40
132 670 33
132 43 33
132 547 28
133 680 1
133 217 14
133 568 44
134 160 37
134 192 40
134 115 48
135 101 44
135 663 26
135 311 50
136 53 34
136 194 7
136 223 7
137 225 1
137 298 0
137 247 18
138 338 47
138 448 34
138 525 31
139 126 4
139 39 33
139 580 30
140 193 2
140 354 24
140 188 25
141 319 5
141 391 48
141 306 36
142 312 19
142 295 31
142 117 23
143 271 20
143 430 19
143 238 46
144 559 5
144 32 2
144 181 45
145 63 8
145 274 11
145 261 43
146 608 4
146 323 44
146 405 50
147 581 31
147 545 36
147 663 0
148 73 2
148 513 9
148 285 15
149 370 26
149 86 2
149 556 3
150 110 22
150 533 9
150 185 49
151 316 21
151 483 6
151 38 35
152 699 38
152 674 39
152 172 37
153 555 29
153 659 16
153 553 36
154 227 22
154 369 27
154 502 37
155 683 12
155 6 20
155 24 46
156 137 45
156 615 2
156 25 32
157 368 31
157 472 41
157 432 21
158 267 49
158 311 43
158 346 48
159 199 11
159 210 1
159 408 26
160 304 30
160 392 25
160 415 37
161 641 5
161 357 16
161 639 47
162 467 1
162 567 14
162 435 26
163 581 32
163 42 44
163 227 20
164 426 20
164 176 41
164 591 34
165 391 32
165 193 17
165 505 1
166 18 20
166 31 32
166 400 41
167 171 3
167 559 8
167 574 45
168 549 18
168 695 18
168 641 45
169 444 44
169 97 16
169 672 47
170 667 25
170 104 5
170 157 41
171 651 23
171 123 17
171 97 48
172 563 28
172 606 41
172 146 47
173 96 34
173 139 2
173 458 41
174 654 21
174 142 0
174 31 25
175 641 16
175 101 4
175 710 39
176 240 4
176 687 8
176 250 46
177 289 29
177 359 27
177 610 17
178 164 29
178 143 27
178 696 2
179 515 2
179 458 41
179 607 30
180 114 0
180 726 29
180 410 23
181 186 1
181 465 21
181 584 44
182 245 20
182 665 30
182 123 17
183 539 32
183 491 18
183 75 18
184 9 23
184 314 24
184 134 16
185 709 28
185 359 29
185 226 5
186 635 27
186 3 15
186 180 16
187 615 33
187 428 5
187 510 35
188 241 18
188 187 27
188 104 12
189 193 44
189 329 17
189 327 19
190 539 14
190 57 8
190 667 41
191 555 24
191 346 3
191 209 33
192 238 1
192 586 16
192 168 25
193 173 11
193 408 16
193 584 10
194 379 50
194 247 29
194 146 13
195 269 38
195 711 17
195 242 21
196 342 37
196 158 34
196 169 33
197 701 39
197 245 31
197 697 3
198 698 14
198 388 36
198 462 4
199 138 8
199 374 46
199 600 36
200 594 23
200 482 42
200 496 6
201 20 10
201 502 25
201 277 22
202 222 31
202 551 45
202 606 47
203 79 48
203 189 44
203 232 25
204 550 22
204 675 27
204 424 49
205 43 36
205 651 10
205 473 31
206 305 23
206 344 25
206 494 3
207 537 8
207 474 13
207 243 15
208 403 12
208 180 25
208 641 7
209 656 12
209 171 27
209 387 50
210 209 13
210 714 37
210 12 10
211 604 6
211 117 39
211 559 8
212 157 41
212 722 44
212 536 50
213 34 25
213 671 34
213 236 36
214 703 31
214 53 20
214 381 47
215 579 13
215 617 1
215 265 35
216 506 2
216 627 21
216 167 33
217 441 35
217 155 22
217 667 0
218 238 44
218 578 43
218 280 39
219 479 34
219 84 22
219 274 31
220 614 4
220 414 6
220 569 8
221 310 40
221 157 10
221 380 2
222 295 43
222 271 48
222 262 6
223 363 30
223 547 5
223 265 21
224 198 22
224 464 22
224 211 47
225 722 45
225 292 40
225 713 13
226 12 34
226 129 50
226 692 3
227 589 2
227 597 37
227 32 50
228 240 20
228 653 6
228 463 26
229 685 0
229 578 26
229 519 28
230 580 27
230 576 20
230 205 41
231 80 0
231 681 37
231 199 0
232 688 44
232 607 27
232 82 14
233 212 8
233 413 8
233 278 31
234 701 32
234 396 13
234 62 9
235 480 7
235 366 15
235 213 7
236 328 38
236 309 31
236 197 7
237 696 15
237 312 39
237 638 30
238 129 8
238 346 32
238 368 12
239 251 5
239 197 2
239 541 28
240 121 28
240 264 16
240 421 50
241 401 44
241 547 5
241 285 44
242 120 43
242 155 9
242 226 16
243 242 43
243 372 36
243 364 37
244 439 17
244 286 9
244 256 1
245 651 24
245 719 4
245 532 34
246 362 48
246 340 31
246 41 40
247 514 31
247 154 47
247 454 7
248 385 21
248 633 22
248 594 15
249 80 33
249 726 26
249 257 20
250 367 25
250 618 50
250 307 10
251 716 18
251 284 8
251 390 32
252 53 3
252 126 9
252 263 31
253 335 48
253 618 22
253 121 25
254 253 1
254 397 38
254 661 39
255 46 18
255 313 50
255 144 12
256 166 6
256 337 2
256 469 40
257 536 24
257 241 6
257 597 19
258 12 14
258 463 9
258 705 2
259 88 10
259 488 31
259 536 13
260 242 25
260 426 6
260 133 34
261 165 32
261 69 27
261 456 45
262 723 32
262 728 50
262 288 27
263 538 31
263 684 47
263 477 33
264 410 44
264 583 35
264 581 20
265 221 6
265 255 22
265 105 18
266 203 21
266 593 46
266 392 50
267 70 4
267 534 5
267 503 10
268 517 13
268 211 37
268 247 36
269 594 48
269 103 20
269 356 36
270 148 20
270 410 26
270 523 37
271 134 35
271 423 33
271 347 0
272 1 21
272 522 16
272 301 39
273 636 50
273 396 32
273 619 7
274 611 21
274 7 20
274 101 1
275 315 23
275 446 37
275 271 48
276 198 49
276 121 38
276 299 0
277 310 9
277 702 7
277 250 42
278 62 16
278 291 49
278 146 21
279 82 13
279 260 23
279 487 6
280 598 50
280 184 31
280 258 35
281 240 32
281 533 2
281 595 11
282 322 37
282 449 21
282 496 19
283 112 16
283 189 31
283 411 25
284 556 11
284 539 50
284 273 21
285 85 0
285 389 0
285 386 24
286 11 35
286 492 6
286 467 15
287 679 15
287 625 35
287 322 49
288 244 12
288 285 3
288 471 33
289 367 10
289 213 29
289 592 39
290 528 0
290 89 10
290 256 30
291 160 40
291 499 39
291 215 33
292 348 48
292 417 7
292 65 48
293 140 18
293 33 38
293 340 42
294 410 28
294 619 26
294 568 44
295 198 4
295 394 29
295 176 5
296 276 36
296 211 14
296 551 32
297 520 14
297 546 5
297 634 25
298 94 9
298 435 46
298 586 40
299 696 45
299 496 30
299 53 31
300 33 23
300 279 19
300 414 6
301 420 46
301 366 9
301 601 15
302 59 8
302 108 41
302 465 12
303 87 29
303 234 34
303 202 33
304 390 7
304 402 1
304 20 8
305 100 21
305 612 50
305 420 7
306 547 13
306 707 1
306 498 14
307 129 5
307 701 39
307 335 14
308 336 39
308 609 32
308 227 44
309 180 47
309 724 23
309 161 28
310 62 16
310 546 33
310 652 28
311 292 20
311 394 14
311 663 35
312 488 29
312 598 2
312 41 6
313 110 30
313 230 49
313 473 22
314 259 20
314 266 42
314 10 17
315 684 16
315 501 13
315 225 39
316 561 7
316 414 7
316 615 4
317 416 19
317 59 31
317 248 48
318 350 24
318 302 40
318 162 0
319 187 37
319 664 50
319 93 10
320 152 36
320 658 33
320 92 42
321 512 0
321 658 31
321 628 21
322 635 12
322 455 15
322 380 13
323 395 7
323 437 11
323 64 39
324 102 22
324 529 42
324 723 50
325 421 9
325 52 22
325 383 20
326 107 50
326 485 43
326 521 11
327 276 14
327 210 48
327 460 25
328 420 41
328 254 25
328 282 20
329 437 8
329 656 11
329 27 28
330 703 21
330 398 31
330 17 12
331 174 23
331 546 43
331 345 30
332 404 30
332 210 40
332 119 0
333 472 37
333 406 50
333 617 47
334 125 10
334 89 43
334 194 9
335 358 10
335 402 23
335 336 36
336 342 12
336 539 10
336 356 7
337 66 38
337 400 15
337 635 0
338 708 48
338 267 25
338 550 42
339 214 15
339 388 48
339 340 1
340 607 3
340 406 7
340 715 19
341 283 43
341 503 24
341 650 1
342 162 40
342 93 6
342 590 12
343 495 3
343 432 42
343 204 7
344 322 40
344 46 28
344 480 30
345 29 30
345 200 50
345 484 34
346 570 7
346 26 12
346 582 18
347 459 18
347 231 42
347 684 40
348 271 38
348 203 28
348 227 48
349 341 36
349 490 37
349 545 29
350 66 14
350 683 13
350 686 24
351 486 11
351 723 15
351 589 41
352 646 8
352 74 8
352 320 21
353 302 28
353 149 26
353 404 30
354 594 34
354 439 3
354 382 46
355 1 17
355 455 36
355 286 25
356 522 6
356 576 7
356 62 20
357 374 30
357 537 13
357 712 13
358 682 42
358 37 32
358 35 50
359 49 38
359 291 33
359 523 45
360 19 23
360 205 6
360 563 3
361 478 18
361 688 4
361 572 15
362 117 25
362 333 41
362 415 16
363 54 38
363 207 4
363 216 12
364 534 26
364 646 4
364 644 6
365 292 19
365 625 15
365 604 30
366 446 33
366 225 10
366 20 31
367 530 38
367 602 30
367 276 11
368 582 32
368 175 11
368 562 46
369 542 27
369 291 25
369 509 49
370 404 19
370 618 10
370 501 16
371 620 48
371 377 45
371 285 0
372 648 30
372 616 42
372 369 20
373 370 46
373 423 39
373 409 41
374 490 10
374 650 23
374 494 12
375 350 25
375 528 32
375 88 15
376 658 37
376 332 39
376 60 25
377 703 40
377 553 13
377 629 14
378 262 9
378 721 8
378 242 29
379 304 31
379 691 25
379 303 33
380 368 22
380 552 8
380 326 39
381 406 41
381 75 4
381 400 5
382 500 35
382 120 42
382 171 8
383 78 19
383 313 42
383 108 0
384 571 13
384 685 31
384 289 42
385 590 24
385 717 25
385 440 22
386 482 6
386 303 29
386 32 36
387 207 0
387 431 46
387 109 4
388 51 9
388 218 40
388 288 13
389 130 29
389 709 17
389 441 43
390 474 43
390 618 27
390 490 37
391 356 13
391 720 36
391 677 8
392 727 42
392 449 46
392 511 1
393 75 35
393 279 26
393 628 34
394 600 25
394 293 41
394 146 35
395 720 38
395 492 36
395 533 48
396 580 6
396 188 36
396 720 44
397 695 35
397 90 22
397 0 48
398 152 28
398 523 18
398 389 8
399 523 3
399 636 9
399 637 49
400 521 14
400 535 20
400 337 4
401 470 26
401 343 2
401 725 9
402 501 44
402 604 43
402 555 45
403 401 0
403 44 21
403 248 29
404 683 22
404 437 0
404 267 42
405 13 48
405 233 25
405 1 33
406 271 23
406 612 21
406 266 7
407 554 50
407 534 30
407 273 33
408 506 19
408 599 25
408 544 29
409 207 39
409 279 40
409 401 25
410 466 32
410 479 47
410 279 25
411 11 9
411 409 4
411 153 33
412 4 13
412 543 4
412 9 13
413 436 7
413 269 0
413 117 37
414 232 46
414 549 33
414 386 16
415 299 16
415 727 13
415 612 20
416 10 20
416 253 42
416 606 25
417 422 8
417 22 8
417 398 27
418 112 45
418 282 39
418 292 47
419 270 7
419 235 28
419 101 15
420 74 28
420 386 16
420 287 4
421 287 36
421 280 43
421 712 32
422 453 48
422 475 9
422 219 37
423 45 31
423 277 15
423 408 42
424 417 39
424 516 16
424 72 21
425 334 10
425 30 6
425 371 5
426 306 40
426 55 34
426 533 50
427 248 10
427 50 25
427 7 46
428 613 39
428 507 6
428 477 25
429 593 28
429 494 36
429 536 49
430 456 36
430 665 12
430 261 4
431 331 17
431 188 41
431 381 20
432 412 25
432 128 17
432 727 24
433 122 21
433 505 8
433 188 31
434 350 43
434 601 27
434 646 47
435 304 21
435 348 44
435 237 9
436 238 30
436 602 17
436 611 17
437 257 49
437 445 3
437 566 49
438 567 48
438 414 8
438 158 40
439 701 36
439 116 45
439 728 39
440 241 5
440 202 35
440 669 29
441 516 33
441 176 14
441 432 4
442 531 43
442 7 41
442 406 19
443 541 32
443 378 38
443 388 24
444 649 27
444 237 37
444 386 0
445 637 6
445 335 48
445 28 21
446 658 17
446 543 37
446 519 39
447 18 9
447 102 2
447 598 12
448 265 33
448 54 4
448 19 26
449 191 7
449 224 16
449 270 29
450 90 14
450 520 21
450 504 36
451 26 45
451 680 20
451 150 42
452 305 39
452 580 20
452 675 49
453 139 26
453 114 33
453 206 32
454 469 29
454 686 12
454 130 2
455 421 16
455 84 32
455 593 14
456 590 5
456 582 0
456 218 13
457 426 14
457 148 48
457 27 4
458 424 43
458 187 10
458 130 30
459 56 40
459 334 6
459 460 16
460 389 33
460 494 35
460 308 34
461 219 39
461 413 45
461 306 41
462 682 9
462 335 41
462 22 49
463 206 16
463 215 12
463 96 42
464 650 14
464 603 8
464 109 27
465 198 39
465 268 32
465 698 27
466 368 41
466 167 43
466 23 43
467 251 1
467 194 11
467 173 26
468 57 30
468 308 12
468 690 20
469 592 40
469 598 47
469 76 1
470 102 25
470 499 47
470 689 21
471 7 17
471 372 37
471 425 18
472 248 39
472 344 50
472 445 8
473 110 19
473 506 26
473 621 8
474 699 21
474 162 44
474 555 45
475 25 41
475 323 47
475 488 23
476 469 0
476 678 11
476 207 45
477 129 0
477 543 22
477 694 9
478 530 31
478 377 41
478 249 26
479 195 28
479 397 31
479 120 10
480 347 23
480 728 27
480 558 3
481 625 48
481 45 47
481 51 24
482 228 50
482 623 21
482 558 10
483 437 37
483 160 19
483 316 4
484 475 16
484 563 50
484 336 29
485 272 20
485 67 48
485 680 46
486 295 17
486 626 45
486 594 8
487 207 1
487 489 24
487 175 5
488 723 18
488 272 18
488 132 30
489 634 44
489 234 36
489 21 37
490 152 7
490 337 20
490 589 36
491 94 13
491 256 1
491 155 7
492 644 13
492 682 19
492 168 6
493 645 49
493 167 14
493 577 1
494 364 4
494 609 12
494 304 0
495 652 31
495 638 23
495 19 2
496 718 32
496 168 29
496 210 4
497 174 23
497 122 14
497 429 39
498 258 47
498 273 15
498 252 18
499 532 37
499 440 0
499 118 6
500 671 49
500 540 35
500 143 46
501 354 29
501 40 1
501 247 22
502 432 41
502 171 23
502 680 39
503 227 1
503 142 32
503 52 14
504 352 47
504 410 34
504 520 12
505 410 44
505 133 23
505 282 30
506 471 5
506 142 6
506 558 42
507 662 32
507 56 36
507 276 11
508 336 41
508 422 32
508 363 16
509 194 24
509 654 46
509 637 33
510 358 25
510 571 10
510 378 41
511 10 7
511 249 2
511 281 9
512 678 47
512 654 1
512 368 5
513 644 33
513 186 26
513 236 9
514 477 13
514 133 43
514 9 10
515 581 9
515 398 33
515 179 13
516 449 44
516 109 37
516 688 17
517 196 9
517 352 13
517 452 34
518 54 28
518 498 3
518 679 50
519 602 23
519 542 26
519 708 13
520 196 13
520 640 42
520 636 47
521 403 28
521 52 25
521 569 25
522 659 50
522 609 21
522 454 38
523 544 12
523 570 45
523 458 8
524 68 21
524 300 16
524 440 29
525 12 9
525 29 15
525 285 38
526 163 33
526 616 11
526 380 35
527 4 31
527 689 49
527 156 11
528 337 46
528 709 19
528 160 28
529 152 31
529 390 4
529 327 41
530 446 42
530 72 27
530 690 28
531 703 37
531 317 13
531 422 13
532 309 20
532 203 3
532 60 20
533 222 11
533 327 19
533 215 28
534 693 7
534 310 31
534 234 12
535 186 48
535 50 25
535 263 28
536 426 7
536 71 20
536 180 20
537 409 16
537 458 32
537 533 15
538 434 4
538 344 29
538 70 11
539 423 11
539 378 31
539 470 40
540 642 24
540 264 46
540 118 16
541 714 5
541 522 37
541 435 45
542 436 20
542 631 40
542 192 37
543 573 1
543 519 5
543 712 17
544 284 28
544 116 15
544 308 46
545 362 23
545 174 18
545 61 48
546 40 11
546 102 20
546 361 47
547 115 19
547 475 43
547 492 47
548 75 25
548 438 26
548 460 39
549 98 44
549 591 24
549 720 38
550 246 34
550 633 40
550 597 46
551 380 17
551 25 18
551 322 23
552 533 39
552 78 8
552 396 50
553 390 39
553 309 7
553 199 7
554 419 28
554 564 45
554 283 50
555 594 33
555 626 13
555 632 10
556 569 24
556 168 18
556 588 44
557 613 18
557 662 43
557 384 48
558 211 36
558 83 21
558 321 19
559 188 45
559 589 10
559 711 47
560 93 12
560 719 32
560 329 1
561 511 18
561 66 4
561 2 26
562 183 7
562 440 35
562 245 35
563 659 31
563 344 10
563 408 43
564 447 48
564 699 14
564 410 21
565 107 37
565 121 18
565 708 36
566 238 30
566 146 17
566 18 4
567 680 28
567 234 37
567 472 42
568 586 21
568 96 30
568 374 6
569 656 20
569 379 36
569 97 24
570 336 7
570 51 17
570 282 15
571 717 2
571 372 16
571 476 28
572 595 4
572 381 9
572 192 18
573 62 19
573 655 29
573 602 39
574 591 20
574 334 3
574 106 6
575 514 32
575 470 3
575 342 41
576 369 8
576 430 34
576 14 16
577 305 40
577 255 20
577 87 47
578 114 35
578 106 46
578 410 40
579 218 13
579 653 17
579 529 22
580 18 17
580 210 6
580 130 14
581 168 39
581 542 8
581 655 17
582 508 29
582 705 44
582 521 0
583 516 26
583 699 13
583 238 28
584 142 18
584 405 47
584 92 7
585 116 0
585 695 4
585 104 1
586 702 39
586 264 43
586 492 7
587 515 27
587 304 26
587 724 30
588 333 24
588 560 23
588 444 25
589 103 22
589 436 37
589 177 47
590 466 19
590 461 20
590 165 14
591 159 41
591 636 48
591 26 34
592 204 7
592 407 28
592 571 46
593 221 39
593 420 26
593 490 29
594 673 38
594 272 10
594 713 49
595 471 35
595 515 28
595 28 10
596 361 49
596 77 30
596 450 1
597 393 45
597 723 39
597 356 22
598 349 47
598 673 39
598 347 26
599 242 45
599 400 35
599 706 26
600 691 39
600 546 45
600 237 2
601 281 25
601 633 44
601 31 18
602 717 10
602 279 34
602 475 16
603 197 1
603 705 8
603 725 49
604 668 49
604 149 11
604 118 48
605 651 3
605 345 27
605 88 48
606 381 5
606 694 20
606 624 13
607 659 39
607 281 0
607 101 37
608 255 36
608 311 18
608 541 28
609 605 37
609 80 27
609 465 34
610 160 26
610 315 1
610 18 36
611 713 31
611 77 44
611 20 28
612 238 7
612 226 15
612 309 20
613 510 38
613 610 28
613 12 15
614 17 22
614 586 47
614 456 24
615 307 28
615 151 39
615 643 6
616 275 23
616 276 43
616 667 21
617 202 32
617 435 6
617 270 35
618 306 9
618 673 23
618 86 25
619 540 48
619 120 30
619 446 25
620 355 39
620 137 27
620 359 24
621 630 4
621 593 2
621 560 19
622 411 8
622 200 39
622 251 22
623 721 46
623 497 4
623 719 29
624 399 22
624 35 36
624 181 6
625 11 17
625 51 22
625 8 22
626 160 17
626 699 32
626 669 45
627 322 12
627 510 22
627 706 33
628 473 25
628 519 39
628 288 11
629 59 43
629 28 42
629 18 36
630 208 2
630 651 46
630 188 36
631 626 48
631 484 44
631 89 27
632 568 29
632 205 35
632 620 49
633 196 50
633 107 15
633 493 12
634 492 30
634 488 27
634 590 15
635 218 17
635 194 39
635 247 34
636 137 47
636 101 48
636 531 1
637 160 29
637 615 13
637 592 39
638 270 43
638 258 25
638 491 2
639 593 8
639 412 5
639 201 48
640 388 6
640 251 40
640 83 32
641 413 29
641 403 6
641 76 6
642 365 33
642 356 25
642 699 41
643 184 39
643 436 3
643 418 46
644 421 27
644 361 29
644 648 1
645 508 43
645 206 12
645 90 24
646 347 40
646 43 7
646 290 45
647 361 22
647 579 50
647 169 34
648 240 35
648 337 15
648 543 26
649 247 48
649 441 37
649 644 15
650 366 27
650 580 28
650 358 33
651 250 7
651 62 17
651 189 16
652 91 0
652 582 29
652 294 32
653 634 18
653 521 2
653 725 8
654 662 26
654 279 45
654 664 11
655 610 22
655 138 34
655 436 21
656 726 4
656 219 36
656 402 38
657 718 34
657 429 19
657 141 27
658 728 6
658 29 22
658 92 5
659 650 25
659 156 8
659 293 25
660 38 11
660 587 17
660 373 47
661 221 13
661 98 18
661 65 48
662 228 46
662 705 37
662 37 4
663 326 25
663 100 42
663 399 11
664 97 40
664 105 5
664 339 4
665 227 30
665 686 32
665 639 31
666 10 6
666 161 47
666 405 48
667 247 43
667 538 2
667 222 26
668 129 40
668 710 1
668 255 1
669 192 5
669 370 8
669 92 10
670 433 10
670 215 22
670 728 23
671 610 9
671 159 0
671 682 42
672 297 48
672 200 9
672 131 41
673 118 31
673 718 44
673 675 44
674 728 23
674 239 22
674 421 43
675 700 6
675 232 43
675 403 46
676 688 18
676 80 8
676 275 35
677 68 16
677 619 32
677 586 20
678 594 19
678 142 5
678 564 11
679 543 25
679 715 25
679 167 36
680 255 39
680 459 26
680 421 42
681 476 23
681 203 14
681 244 37
682 26 36
682 672 37
682 435 27
683 259 16
683 307 20
683 20 43
684 672 32
684 347 48
684 298 39
685 708 2
685 402 11
685 721 11
686 507 32
686 83 18
686 148 47
687 180 27
687 194 43
687 720 17
688 107 14
688 300 2
688 327 43
689 612 0
689 59 36
689 221 32
690 701 21
690 419 5
690 626 32
691 62 29
691 259 10
691 502 15
692 288 0
692 472 5
692 404 15
693 436 26
693 385 33
693 349 34
694 204 37
694 375 15
694 346 44
695 141 9
695 570 13
695 113 34
696 563 18
696 646 16
696 545 48
697 700 36
697 633 24
697 394 22
698 163 5
698 723 2
698 480 42
699 684 4
699 519 20
699 278 22
700 6 32
700 248 46
700 236 4
701 236 2
701 382 45
701 242 18
702 126 8
702 80 29
702 419 45
703 79 10
703 589 32
703 149 32
704 176 3
704 249 41
704 582 0
705 272 3
705 310 29
705 588 19
706 258 20
706 213 44
706 101 13
707 394 20
707 286 44
707 558 36
708 37 45
708 365 14
708 186 8
709 417 23
709 449 36
709 195 29
710 590 0
710 704 14
710 149 19
711 608 17
711 653 4
711 561 42
712 416 31
712 327 13
712 276 49
713 149 50
713 523 7
713 616 14
714 488 34
714 92 33
714 79 33
715 157 18
715 343 11
715 63 32
716 557 40
716 390 9
716 212 18
717 701 26
717 229 6
717 197 50
718 230 35
718 76 7
718 572 50
719 320 24
719 416 29
719 254 42
720 530 20
720 590 16
720 417 16
721 227 7
721 38 30
721 177 3
722 23 13
722 456 24
722 655 30
723 721 43
723 617 30
723 574 49
724 178 37
724 369 18
724 425 2
725 161 23
725 331 26
725 455 35
726 69 4
726 274 14
726 94 3
727 487 37
727 241 11
727 343 19
728 573 34
728 130 21
728 52 0
