vernum: 64
arcnum: 660
runtime£º183.800000¦Ìs
1 34 1
35 0 1
7 14 1
20 12 1
29 49 1
25 16 1
31 62 1
49 17 1
35 11 1
59 30 1
7 29 1
38 13 1
34 18 1
35 58 1
20 38 1
43 18 1
56 60 1
61 3 1
33 28 1
48 44 1
41 45 1
5 43 1
31 55 1
61 11 1
17 25 1
22 31 1
16 54 1
38 40 1
5 62 1
7 20 1
13 34 1
20 10 1
61 45 2
5 41 2
23 29 2
5 52 2
44 15 2
56 47 2
53 40 2
57 62 2
30 43 2
20 46 2
43 47 2
20 9 2
2 20 2
8 52 2
29 33 2
38 26 2
4 31 2
48 39 2
20 51 2
48 19 2
41 21 2
48 27 2
19 59 3
56 42 3
44 24 3
5 50 3
35 63 3
8 37 4
46 32 4
13 6 5
57 36 6
total weight: 110
