vernum: 512
arcnum: 43326
runtime£º10372.100000¦Ìs
94 271 1
341 177 1
18 115 1
327 470 1
501 313 1
317 480 1
13 495 1
256 163 1
106 448 1
124 507 1
331 498 1
420 292 1
184 377 1
277 373 1
352 118 1
133 309 1
362 142 1
138 282 1
452 51 1
53 415 1
364 261 1
362 338 1
175 110 1
37 157 1
137 270 1
496 85 1
105 27 1
138 343 1
72 400 1
222 423 1
222 156 1
297 283 1
1 344 1
438 356 1
3 284 1
326 237 1
355 464 1
147 153 1
77 508 1
57 182 1
45 445 1
378 10 1
130 375 1
125 37 1
478 254 1
126 247 1
312 282 1
102 452 1
385 316 1
265 366 1
408 86 1
384 129 1
27 250 1
297 118 1
373 451 1
337 86 1
196 175 1
365 34 1
476 459 1
87 220 1
229 320 1
27 348 1
320 490 1
110 446 1
483 351 1
446 149 1
510 61 1
345 320 1
202 406 1
444 43 1
151 55 1
428 321 1
165 374 1
134 236 1
131 144 1
481 42 1
402 491 1
213 287 1
288 176 1
241 361 1
185 130 1
444 271 1
413 219 1
335 208 1
335 150 1
499 228 1
167 46 1
17 177 1
311 209 1
44 343 1
380 88 1
424 263 1
313 112 1
117 447 1
390 78 1
363 269 1
25 364 1
420 85 1
71 284 1
241 344 1
369 147 1
280 181 1
457 16 1
221 346 1
394 297 1
164 449 1
16 163 1
338 217 1
17 417 1
208 215 1
382 61 1
329 389 1
343 428 1
378 112 1
298 505 1
501 45 1
277 230 1
54 444 1
294 26 1
35 106 1
141 53 1
344 371 1
373 310 1
478 437 1
174 439 1
386 309 1
74 241 1
205 44 1
215 365 1
190 311 1
129 425 1
179 452 1
235 73 1
145 400 1
212 441 1
234 474 1
48 398 1
499 373 1
35 494 1
151 496 1
454 155 1
8 135 1
21 22 1
327 33 1
49 411 1
413 209 1
145 65 1
133 15 1
290 309 1
37 79 1
426 438 1
241 36 1
176 260 1
145 56 1
209 373 1
212 131 1
490 441 1
53 86 1
97 393 1
44 267 1
496 331 1
202 378 1
9 309 1
65 60 1
265 498 1
138 443 1
70 437 1
34 193 1
188 232 1
269 499 1
234 180 1
471 404 1
124 231 1
467 193 1
226 484 1
13 159 1
107 426 1
167 153 1
264 192 1
247 494 1
77 195 1
293 496 1
314 379 1
266 431 1
172 0 1
452 496 1
91 243 1
167 266 1
445 172 1
64 465 1
312 212 1
350 429 1
471 220 1
59 462 1
402 248 1
253 157 1
281 167 1
41 379 1
453 128 1
13 190 1
295 281 1
318 501 1
489 447 1
70 269 1
478 171 1
41 287 1
244 511 1
169 45 1
125 208 1
259 98 1
222 123 1
412 399 1
113 119 1
452 149 1
25 88 1
375 316 1
77 200 1
62 451 1
74 324 1
145 143 1
493 459 1
122 97 1
312 209 1
470 189 1
373 242 1
428 385 1
21 455 1
293 275 1
206 492 1
39 203 1
19 288 1
72 462 1
191 422 1
222 239 1
166 380 1
471 362 1
17 494 1
326 266 1
35 271 1
474 498 1
285 260 1
499 493 1
142 228 1
21 146 1
199 78 1
71 488 1
333 239 1
361 33 1
222 97 1
234 246 1
222 472 1
351 73 1
223 403 1
204 114 1
202 290 1
55 303 1
429 43 1
97 177 1
74 353 1
375 98 1
408 7 1
172 399 1
71 224 1
16 158 1
235 53 1
77 50 1
502 243 1
66 373 1
54 204 1
355 386 1
97 435 1
145 42 1
181 105 1
147 234 1
144 206 1
36 206 1
335 67 1
126 282 1
53 365 1
344 160 1
387 410 1
63 510 1
68 328 1
214 152 1
77 169 1
214 332 1
426 277 1
70 288 1
296 420 1
335 345 1
4 500 1
64 391 1
290 251 1
384 274 1
265 438 1
74 200 1
142 3 1
53 231 1
138 84 1
124 387 1
90 503 1
57 65 1
74 4 1
296 347 1
17 225 1
3 216 1
354 362 1
255 322 1
20 447 1
122 389 1
184 232 1
387 104 1
134 155 1
468 376 1
69 327 1
282 449 1
17 168 1
58 310 1
75 434 1
37 162 1
44 139 1
62 454 1
131 398 1
166 504 1
238 127 1
347 511 1
99 450 1
250 316 1
92 175 1
258 168 1
37 89 1
510 165 1
1 32 1
101 164 1
363 463 1
423 81 1
247 504 1
375 210 1
70 427 1
137 207 1
113 365 1
143 385 1
39 69 1
335 108 1
8 265 1
235 339 1
80 108 1
372 60 1
103 15 1
294 320 1
402 31 1
304 496 1
360 282 1
22 479 1
428 29 1
75 233 1
256 79 1
28 141 1
318 132 1
235 226 1
365 319 1
217 480 1
66 392 1
111 246 1
294 306 1
318 442 1
384 42 1
56 458 1
169 262 1
347 257 1
20 350 1
218 268 1
64 216 1
102 436 1
174 509 1
267 325 1
215 174 1
414 327 1
191 372 1
354 78 1
370 301 1
173 118 1
125 307 1
91 142 1
70 52 1
148 384 1
429 332 1
471 211 1
22 194 1
6 104 1
182 40 1
468 29 1
164 136 1
324 75 1
450 461 1
370 207 1
265 323 1
382 60 1
452 503 1
21 180 1
184 398 1
433 397 1
148 173 1
303 430 1
417 83 1
262 395 1
218 48 1
308 276 1
301 311 1
120 288 1
438 469 1
458 170 1
1 402 1
182 477 1
227 169 1
238 422 1
347 279 1
223 30 1
49 117 1
417 249 1
298 33 1
98 401 1
376 357 1
432 323 1
170 419 1
494 197 1
286 3 1
184 433 1
370 263 1
166 161 1
124 388 1
101 245 1
453 172 1
35 308 1
473 49 1
255 416 1
121 30 1
164 328 1
297 418 1
320 359 1
236 330 1
213 489 1
313 76 1
306 12 1
140 82 1
202 289 1
421 387 1
191 367 1
429 383 1
255 451 1
340 78 1
273 225 1
5 13 1
341 100 1
196 82 1
355 409 1
265 346 1
484 299 1
350 461 1
327 201 1
372 11 1
96 399 1
48 334 1
499 482 1
22 305 1
185 475 1
30 434 1
485 493 1
454 95 1
253 252 1
56 336 1
93 431 1
23 298 1
293 264 1
266 506 1
256 116 1
24 188 1
188 14 1
131 368 1
18 199 1
278 229 1
442 487 1
315 447 1
222 272 1
199 405 1
429 300 1
269 186 1
109 470 1
382 440 1
97 342 1
164 178 1
110 349 1
184 2 1
372 240 1
223 497 1
47 474 1
143 396 1
381 418 1
143 154 1
58 460 1
65 187 1
243 456 1
486 310 1
457 466 1
192 183 1
427 407 1
78 302 1
130 198 1
297 291 1
47 358 1
12 38 1
total weight: 511
