vernum: 128
arcnum: 2742
runtime£º771.100000¦Ìs
24 66 1
33 81 1
102 77 1
4 62 1
44 84 1
112 17 1
69 103 1
40 113 1
55 31 1
55 97 1
86 106 1
56 16 1
62 74 1
100 126 1
62 45 1
44 1 1
86 12 1
74 36 1
7 29 1
58 101 1
114 5 1
114 72 1
66 23 1
122 93 1
65 115 1
34 50 1
86 41 1
11 81 1
4 63 1
18 78 1
64 30 1
12 43 1
70 33 1
97 61 1
15 23 1
58 114 1
9 25 1
53 86 1
64 78 1
120 60 1
70 54 1
60 27 1
35 76 1
119 63 1
44 33 1
24 21 1
119 8 1
53 115 1
83 44 1
29 99 1
4 107 1
32 74 1
34 99 1
14 28 1
65 31 1
96 116 1
95 74 1
14 87 1
11 43 1
11 119 1
89 98 1
95 100 1
40 57 1
11 80 1
10 82 1
60 77 1
97 111 1
42 72 1
88 107 1
109 92 1
48 31 1
22 26 1
13 113 1
51 80 1
13 114 1
44 105 1
24 114 1
120 121 1
10 12 1
22 83 1
127 121 1
120 75 1
114 76 1
63 92 1
24 99 1
72 36 1
71 24 1
86 125 1
27 113 1
10 37 1
14 62 1
44 118 1
53 104 1
73 49 1
62 0 1
15 18 1
74 3 1
16 79 1
58 112 1
59 99 1
97 25 1
35 96 1
95 19 1
122 52 1
73 5 1
82 16 1
86 124 1
67 112 1
42 93 2
72 2 2
123 78 2
50 117 2
24 98 2
11 110 2
54 91 2
69 96 2
19 46 2
69 108 2
17 20 2
18 47 2
94 81 2
27 68 2
121 6 2
90 99 2
123 38 2
29 85 3
63 39 3
total weight: 148
