436 822 826 131 851 
17 45 105 125 253 478 511 535 550 651 748 795 831 853 885 
436 125 131 478 834 80 713 547 575 429 
17 45 105 117 122 156 239 253 328 372 373 423 511 535 550 570 647 651 732 748 756 795 822 826 831 851 853 885 886 889 
436 125 885 853 826 131 851 834 117 547 732 503 165 812 563 
17 30 45 80 105 122 146 156 193 195 239 253 328 372 373 379 384 423 429 478 497 511 535 540 550 554 570 575 643 647 651 713 722 748 756 770 795 798 822 831 864 886 889 939 989 
436 125 131 478 105 795 253 373 834 80 328 647 713 165 497 540 729 469 85 214 
17 30 41 45 117 118 122 146 156 193 195 239 307 320 372 379 384 391 423 429 503 506 511 522 535 545 547 550 554 563 570 575 581 615 634 643 651 705 722 732 748 756 770 798 808 812 815 822 826 831 851 853 862 864 885 886 889 939 963 989 
885 826 131 105 373 80 372 117 575 122 886 770 165 384 563 554 989 522 808 705 729 469 391 974 695 
17 30 41 45 85 103 118 125 146 156 157 166 193 195 214 239 243 253 307 320 328 350 354 379 423 429 436 446 460 478 497 499 503 506 511 535 540 545 547 550 570 581 584 606 615 634 643 647 651 677 713 722 732 748 754 756 774 786 795 798 812 815 822 831 834 851 853 862 864 889 902 932 939 963 992 
