0 19 13
0 350 3
0 352 4
0 645 41
1 503 46
1 23 7
1 663 0
1 245 40
2 410 33
2 307 3
2 230 2
2 600 43
3 489 33
3 716 4
3 458 31
3 496 29
4 387 8
4 621 3
4 221 17
4 352 0
5 504 44
5 680 35
5 85 46
5 218 24
6 443 38
6 326 23
6 340 21
6 417 22
7 421 24
7 169 42
7 282 18
7 555 23
8 540 24
8 504 45
8 147 33
8 225 26
9 303 20
9 49 9
9 636 36
9 563 16
10 170 15
10 389 24
10 461 31
10 527 28
11 514 42
11 113 34
11 532 16
11 268 24
12 583 20
12 706 36
12 361 22
12 429 35
13 363 4
13 133 10
13 19 27
13 620 16
14 622 22
14 468 37
14 430 4
14 457 5
15 393 21
15 701 47
15 503 46
15 178 0
16 289 47
16 427 33
16 450 35
16 545 23
17 157 15
17 115 10
17 545 29
17 59 11
18 309 25
18 411 41
18 313 16
18 30 5
19 37 38
19 616 39
19 308 1
19 507 2
20 625 40
20 198 33
20 123 18
20 599 47
21 321 34
21 362 5
21 236 24
21 231 14
22 507 7
22 87 3
22 228 15
22 18 11
23 42 30
23 712 39
23 252 30
23 198 11
24 149 26
24 575 31
24 669 25
24 34 44
25 535 29
25 611 34
25 79 47
25 668 25
26 699 12
26 701 17
26 411 1
26 103 38
27 668 23
27 225 46
27 655 5
27 435 43
28 181 39
28 274 6
28 592 42
28 50 10
29 669 25
29 661 11
29 598 39
29 23 8
30 77 10
30 641 36
30 162 22
30 654 9
31 555 30
31 449 7
31 341 31
31 164 47
32 327 26
32 193 27
32 681 37
32 381 12
33 671 10
33 125 47
33 79 35
33 329 39
34 616 23
34 593 4
34 221 23
34 123 41
35 661 32
35 369 10
35 483 41
35 417 34
36 528 45
36 311 7
36 84 29
36 21 8
37 143 36
37 443 18
37 678 33
37 589 26
38 323 45
38 178 38
38 617 11
38 687 2
39 510 8
39 644 32
39 414 48
39 149 33
40 290 15
40 118 16
40 354 41
40 698 9
41 318 41
41 718 8
41 294 49
41 334 50
42 149 12
42 439 36
42 148 33
42 695 20
43 215 28
43 127 0
43 112 32
43 273 24
44 590 42
44 716 13
44 524 44
44 300 30
45 262 23
45 210 13
45 71 50
45 435 14
46 372 0
46 423 42
46 198 6
46 566 22
47 672 18
47 12 7
47 539 21
47 160 40
48 238 40
48 627 22
48 685 28
48 279 14
49 552 16
49 628 24
49 168 25
49 187 7
50 557 14
50 168 39
50 330 23
50 523 17
51 681 43
51 262 14
51 174 40
51 447 44
52 284 11
52 566 37
52 597 35
52 362 10
53 286 40
53 150 44
53 340 36
53 185 18
54 286 50
54 559 27
54 540 47
54 600 44
55 443 25
55 302 21
55 160 36
55 121 0
56 263 40
56 203 39
56 423 2
56 158 45
57 77 46
57 175 46
57 53 14
57 721 39
58 579 8
58 556 48
58 461 39
58 710 43
59 175 26
59 474 20
59 433 4
59 309 33
60 529 48
60 706 29
60 722 39
60 650 24
61 514 24
61 65 18
61 553 45
61 696 17
62 359 2
62 76 10
62 88 8
62 608 8
63 150 12
63 656 46
63 637 13
63 377 13
64 35 41
64 592 49
64 269 4
64 368 32
65 56 50
65 103 40
65 610 30
65 126 31
66 682 8
66 573 37
66 544 39
66 626 16
67 694 40
67 114 24
67 123 30
67 376 46
68 552 9
68 137 30
68 351 4
68 640 31
69 131 30
69 142 33
69 122 47
69 367 7
70 541 33
70 232 19
70 438 7
70 172 18
71 581 21
71 637 46
71 720 40
71 88 38
72 374 4
72 352 46
72 468 42
72 486 42
73 652 37
73 78 9
73 42 46
73 543 34
74 370 20
74 268 41
74 200 18
74 683 47
75 244 7
75 413 45
75 431 30
75 709 50
76 579 14
76 471 13
76 594 42
76 155 32
77 201 23
77 146 48
77 264 48
77 167 21
78 544 50
78 592 50
78 694 44
78 565 36
79 680 8
79 115 19
79 349 10
79 289 21
80 259 34
80 501 14
80 262 4
80 470 5
81 184 2
81 39 43
81 430 24
81 200 11
82 111 35
82 725 34
82 196 34
82 216 2
83 168 42
83 647 37
83 663 36
83 368 21
84 528 46
84 19 46
84 136 50
84 712 13
85 640 28
85 337 7
85 430 16
85 609 0
86 282 0
86 265 1
86 300 32
86 605 15
87 467 40
87 147 29
87 426 35
87 141 23
88 474 16
88 214 48
88 587 48
88 699 40
89 164 7
89 383 45
89 668 15
89 585 39
90 101 31
90 533 25
90 117 32
90 362 20
91 621 42
91 590 20
91 512 10
91 144 2
92 626 49
92 389 26
92 162 39
92 19 47
93 286 37
93 481 48
93 378 8
93 474 3
94 123 21
94 162 45
94 583 24
94 145 45
95 346 23
95 568 25
95 84 11
95 718 41
96 71 28
96 619 29
96 650 14
96 366 26
97 368 21
97 356 29
97 725 32
97 614 2
98 154 25
98 159 14
98 40 46
98 495 18
99 66 19
99 322 25
99 88 34
99 554 47
100 62 28
100 586 46
100 13 34
100 360 21
101 551 1
101 35 14
101 287 45
101 311 24
102 53 34
102 194 7
102 223 7
102 225 1
103 298 0
103 247 18
103 338 47
103 448 34
104 525 31
104 126 4
104 39 33
104 580 30
105 193 2
105 354 24
105 188 25
105 319 5
106 391 48
106 306 36
106 312 19
106 295 31
107 117 23
107 271 20
107 430 19
107 238 46
108 559 5
108 32 2
108 181 45
108 63 8
109 274 11
109 261 43
109 608 4
109 323 44
110 405 50
110 581 31
110 545 36
110 663 0
111 73 2
111 513 9
111 285 15
111 370 26
112 86 2
112 556 3
112 110 22
112 533 9
113 185 49
113 316 21
113 483 6
113 38 35
114 699 38
114 674 39
114 172 37
114 555 29
115 659 16
115 553 36
115 227 22
115 369 27
116 502 37
116 683 12
116 6 20
116 24 46
117 137 45
117 615 2
117 25 32
117 368 31
118 472 41
118 432 21
118 267 49
118 311 43
119 346 48
119 199 11
119 210 1
119 408 26
120 304 30
120 392 25
120 415 37
120 641 5
121 357 16
121 639 47
121 467 1
121 567 14
122 435 26
122 581 32
122 42 44
122 227 20
123 426 20
123 176 41
123 591 34
123 391 32
124 193 17
124 505 1
124 18 20
124 31 32
125 400 41
125 171 3
125 559 8
125 574 45
126 549 18
126 695 18
126 641 45
126 444 44
127 97 16
127 672 47
127 667 25
127 104 5
128 157 41
128 651 23
128 123 17
128 97 48
129 563 28
129 606 41
129 146 47
129 96 34
130 139 2
130 458 41
130 654 21
130 142 0
131 31 25
131 641 16
131 101 4
131 710 39
132 240 4
132 687 8
132 250 46
132 289 29
133 359 27
133 610 17
133 164 29
133 143 27
134 696 2
134 515 2
134 458 41
134 607 30
135 114 0
135 726 29
135 410 23
135 186 1
136 465 21
136 584 44
136 245 20
136 665 30
137 123 17
137 539 32
137 491 18
137 75 18
138 9 23
138 314 24
138 134 16
138 709 28
139 359 29
139 226 5
139 635 27
139 3 15
140 180 16
140 615 33
140 428 5
140 510 35
141 241 18
141 187 27
141 104 12
141 193 44
142 329 17
142 327 19
142 539 14
142 57 8
143 667 41
143 555 24
143 346 3
143 209 33
144 238 1
144 586 16
144 168 25
144 173 11
145 408 16
145 584 10
145 379 50
145 247 29
146 542 13
146 53 11
146 534 24
146 529 17
147 505 39
147 81 29
147 246 13
147 622 11
148 132 41
148 695 49
148 135 11
148 724 16
149 707 6
149 307 36
149 531 14
149 578 0
150 90 12
150 126 23
150 169 31
150 529 2
151 253 19
151 691 37
151 642 39
151 167 35
152 348 48
152 356 22
152 472 45
152 454 25
153 702 4
153 667 0
153 465 46
153 535 46
154 460 21
154 686 26
154 64 47
154 78 41
155 449 35
155 316 27
155 6 24
155 372 9
156 46 7
156 49 36
156 480 32
156 687 38
157 353 12
157 91 48
157 718 44
157 667 21
158 630 9
158 21 25
158 461 36
158 659 19
159 689 40
159 575 35
159 556 38
159 52 7
160 447 32
160 562 44
160 704 1
160 362 23
161 574 3
161 16 0
161 479 2
161 434 19
162 498 44
162 615 45
162 56 41
162 274 36
163 138 26
163 611 22
163 565 1
163 78 41
164 124 22
164 55 17
164 184 9
164 7 34
165 132 17
165 206 3
165 277 20
165 4 16
166 188 10
166 100 8
166 273 34
166 441 49
167 303 4
167 695 45
167 483 16
167 682 28
168 25 45
168 80 5
168 537 43
168 163 8
169 391 10
169 673 26
169 335 0
169 405 0
170 704 8
170 190 37
170 227 15
170 581 26
171 0 3
171 2 32
171 528 37
171 695 1
172 520 35
172 402 27
172 491 16
172 551 45
173 537 4
173 448 8
173 141 24
173 380 46
174 402 7
174 119 49
174 299 40
174 206 47
175 460 14
175 260 11
175 37 47
175 345 24
176 97 17
176 342 0
176 658 24
176 290 27
177 166 40
177 382 15
177 408 2
177 261 33
178 12 39
178 215 35
178 641 42
178 192 49
179 188 50
179 677 8
179 376 8
179 646 49
180 274 34
180 467 39
180 110 13
180 665 23
181 335 22
181 268 6
181 165 0
181 322 32
182 418 4
182 366 35
182 703 6
182 11 7
183 30 7
183 172 46
183 603 13
183 514 33
184 607 20
184 171 7
184 643 38
184 139 37
185 256 47
185 224 43
185 655 10
185 198 19
186 619 46
186 276 9
186 288 27
186 683 29
187 365 6
187 139 44
187 242 7
187 232 0
188 228 49
188 14 14
188 287 26
188 30 33
189 21 2
189 115 30
189 591 5
189 199 35
190 457 45
190 595 19
190 683 22
190 294 34
191 306 31
191 296 19
191 228 40
191 207 6
192 458 10
192 229 19
192 525 40
192 255 35
193 676 19
193 131 21
193 66 36
193 722 1
194 40 27
194 373 19
194 688 17
194 517 2
195 648 32
195 649 39
195 572 37
195 63 15
196 153 39
196 608 27
196 461 15
196 18 2
197 508 18
197 170 46
197 435 33
197 689 3
198 392 32
198 329 40
198 477 14
198 274 23
199 156 24
199 186 42
199 367 8
199 206 5
200 322 8
200 725 16
200 610 21
200 727 29
201 289 37
201 456 1
201 57 4
201 533 33
202 507 43
202 164 8
202 29 46
202 616 44
203 44 43
203 441 11
203 42 39
203 330 38
204 163 34
204 480 12
204 455 4
204 161 21
205 217 3
205 192 37
205 704 14
205 667 46
206 407 32
206 52 24
206 666 23
206 427 1
207 182 36
207 435 34
207 564 44
207 220 34
208 486 21
208 172 40
208 127 14
208 567 42
209 604 38
209 401 46
209 348 29
209 173 31
210 265 16
210 419 10
210 635 9
210 62 15
211 53 20
211 280 13
211 555 16
211 295 50
212 64 46
212 502 19
212 328 30
212 449 42
213 680 28
213 321 47
213 450 45
213 192 37
214 411 26
214 707 11
214 105 50
214 699 39
215 675 2
215 524 31
215 706 4
215 375 28
216 162 19
216 309 45
216 184 36
216 629 4
217 483 27
217 318 4
217 166 36
217 531 50
218 16 34
218 720 46
218 693 40
218 579 14
219 412 33
219 585 36
219 57 35
219 185 20
220 9 0
220 364 34
220 704 17
220 449 28
221 316 28
221 392 6
221 644 31
221 288 11
222 626 3
222 701 28
222 68 32
222 110 16
223 46 0
223 318 4
223 409 13
223 307 15
224 444 10
224 306 24
224 703 40
224 692 41
225 670 18
225 177 39
225 691 12
225 726 3
226 225 18
226 416 22
226 266 8
226 519 30
227 509 12
227 667 33
227 489 24
227 574 7
228 421 12
228 173 3
228 222 50
228 41 34
229 40 24
229 472 9
229 376 16
229 212 41
230 122 21
230 138 12
230 137 26
230 99 26
231 83 15
231 62 15
231 290 5
231 143 6
232 505 13
232 442 32
232 606 20
232 115 33
233 65 40
233 254 25
233 419 34
233 116 24
234 212 29
234 546 34
234 567 23
234 112 11
235 43 26
235 251 44
235 453 49
235 341 5
236 31 34
236 457 15
236 126 3
236 325 24
237 385 0
237 394 12
237 616 33
237 334 11
238 615 20
238 417 17
238 130 17
238 342 50
239 619 48
239 389 34
239 658 1
239 321 30
240 672 11
240 654 10
240 543 32
240 136 2
241 102 7
241 594 25
241 531 38
241 46 26
242 295 41
242 386 41
242 165 5
242 664 43
243 588 30
243 68 22
243 468 39
243 22 46
244 29 1
244 485 17
244 583 14
244 488 50
245 41 29
245 264 9
245 379 0
245 638 46
246 556 3
246 143 32
246 320 36
246 167 2
247 487 35
247 48 45
247 16 13
247 165 23
248 194 50
248 457 39
248 201 42
248 150 33
249 412 23
249 708 39
249 217 26
249 599 13
250 632 13
250 358 38
250 199 38
250 180 26
251 349 17
251 611 34
251 630 9
251 684 48
252 568 18
252 55 47
252 689 32
252 135 27
253 306 16
253 606 32
253 673 24
253 693 3
254 93 40
254 717 31
254 598 19
254 630 43
255 325 25
255 715 46
255 283 43
255 503 24
256 650 1
256 162 40
256 93 6
256 590 12
257 495 3
257 432 42
257 204 7
257 322 40
258 46 28
258 480 30
258 29 30
258 200 50
259 484 34
259 570 7
259 26 12
259 582 18
260 459 18
260 231 42
260 684 40
260 271 38
261 203 28
261 227 48
261 341 36
261 490 37
262 545 29
262 66 14
262 683 13
262 686 24
263 486 11
263 723 15
263 589 41
263 646 8
264 74 8
264 320 21
264 302 28
264 149 26
265 404 30
265 594 34
265 439 3
265 382 46
266 1 17
266 455 36
266 286 25
266 522 6
267 576 7
267 62 20
267 374 30
267 537 13
268 712 13
268 682 42
268 37 32
268 35 50
269 49 38
269 291 33
269 523 45
269 19 23
270 205 6
270 563 3
270 478 18
270 688 4
271 572 15
271 117 25
271 333 41
271 415 16
272 54 38
272 207 4
272 216 12
272 534 26
273 646 4
273 644 6
273 292 19
273 625 15
274 604 30
274 446 33
274 225 10
274 20 31
275 530 38
275 602 30
275 276 11
275 582 32
276 175 11
276 562 46
276 542 27
276 291 25
277 509 49
277 404 19
277 618 10
277 501 16
278 620 48
278 377 45
278 285 0
278 648 30
279 616 42
279 369 20
279 370 46
279 423 39
280 409 41
280 490 10
280 650 23
280 494 12
281 350 25
281 528 32
281 88 15
281 658 37
282 332 39
282 60 25
282 703 40
282 553 13
283 629 14
283 262 9
283 721 8
283 242 29
284 304 31
284 691 25
284 303 33
284 368 22
285 552 8
285 326 39
285 406 41
285 75 4
286 400 5
286 500 35
286 120 42
286 171 8
287 78 19
287 313 42
287 108 0
287 571 13
288 685 31
288 289 42
288 590 24
288 717 25
289 440 22
289 482 6
289 303 29
289 32 36
290 207 0
290 431 46
290 109 4
290 51 9
291 218 40
291 288 13
291 130 29
291 709 17
292 441 43
292 474 43
292 618 27
292 490 37
293 356 13
293 720 36
293 677 8
293 727 42
294 449 46
294 511 1
294 75 35
294 279 26
295 628 34
295 600 25
295 293 41
295 146 35
296 395 38
296 21 39
296 162 27
296 141 14
297 426 22
297 572 29
297 329 15
297 214 47
298 615 12
298 547 3
298 168 2
298 437 37
299 447 5
299 12 31
299 190 42
299 713 25
300 311 35
300 463 22
300 401 49
300 422 29
301 372 43
301 254 44
301 229 24
301 528 19
302 597 18
302 228 32
302 518 35
302 187 8
303 708 32
303 45 41
303 15 45
303 166 37
304 279 2
304 299 34
304 528 25
304 163 21
305 353 11
305 408 14
305 708 15
305 139 18
306 28 5
306 509 20
306 654 22
306 295 27
307 622 39
307 644 17
307 89 28
307 715 14
308 60 30
308 22 50
308 333 25
308 424 21
309 88 16
309 208 30
309 619 9
309 42 43
310 328 38
310 655 30
310 48 10
310 112 18
311 529 23
311 67 26
311 713 25
311 572 39
312 543 31
312 7 19
312 392 3
312 413 50
313 498 40
313 57 35
313 216 7
313 620 9
314 400 1
314 691 3
314 375 10
314 91 23
315 436 5
315 133 38
315 54 8
315 139 11
316 104 40
316 471 49
316 639 48
316 262 46
317 646 15
317 129 27
317 609 25
317 294 27
318 202 6
318 261 9
318 487 42
318 0 28
319 719 3
319 208 2
319 673 33
319 194 22
320 394 14
320 673 23
320 262 8
320 213 13
321 102 46
321 550 6
321 49 9
321 555 20
322 166 8
322 426 23
322 636 6
322 634 32
323 692 9
323 380 22
323 41 14
323 211 30
324 551 37
324 483 32
324 615 43
324 122 50
325 112 34
325 529 29
325 297 44
325 317 28
326 357 37
326 668 22
326 399 21
326 66 27
327 32 34
327 431 29
327 715 5
327 507 8
328 112 34
328 342 41
328 227 48
328 613 42
329 207 29
329 534 2
329 366 23
329 29 35
330 476 46
330 200 13
330 135 9
330 239 21
331 313 41
331 25 9
331 239 42
331 280 22
332 434 7
332 536 22
332 522 0
332 537 43
333 358 28
333 153 42
333 705 26
333 405 13
334 660 32
334 344 7
334 223 4
334 294 39
335 555 36
335 239 3
335 510 45
335 339 4
336 361 31
336 467 0
336 28 43
336 169 23
337 92 26
337 347 12
337 288 42
337 126 28
338 606 21
338 2 20
338 252 29
338 369 21
339 104 2
339 352 4
339 566 21
339 189 1
340 554 0
340 107 5
340 276 49
340 197 20
341 142 16
341 317 10
341 326 45
341 359 35
342 522 5
342 220 18
342 671 11
342 135 0
343 274 43
343 325 36
343 187 13
343 363 4
344 619 10
344 6 20
344 556 28
344 696 37
345 71 38
345 712 11
345 666 44
345 201 33
346 212 5
346 354 0
346 413 16
346 106 26
347 484 10
347 657 23
347 594 23
347 17 18
348 635 2
348 441 6
348 210 1
348 437 42
349 645 4
349 494 17
349 331 35
349 472 11
350 574 35
350 260 44
350 689 20
350 261 38
351 549 3
351 230 23
351 145 12
351 137 16
352 166 40
352 265 31
352 95 24
352 714 22
353 77 2
353 619 37
353 585 21
353 648 50
354 26 32
354 515 2
354 502 7
354 185 17
355 32 44
355 690 45
355 131 30
355 297 12
356 56 9
356 248 37
356 278 11
356 714 29
357 587 13
357 504 30
357 633 18
357 544 21
358 228 33
358 664 10
358 332 50
358 236 11
359 205 0
359 646 0
359 475 31
359 407 36
360 705 23
360 240 50
360 228 39
360 581 7
361 423 18
361 26 39
361 240 27
361 55 38
362 361 45
362 205 32
362 712 1
362 379 37
363 626 16
363 336 8
363 272 20
363 67 48
364 680 46
364 295 17
364 626 45
364 594 8
365 207 1
365 489 24
365 175 5
365 723 18
366 272 18
366 132 30
366 634 44
366 234 36
367 21 37
367 152 7
367 337 20
367 589 36
368 94 13
368 256 1
368 155 7
368 644 13
369 682 19
369 168 6
369 645 49
369 167 14
370 577 1
370 364 4
370 609 12
370 304 0
371 652 31
371 638 23
371 19 2
371 718 32
372 168 29
372 210 4
372 174 23
372 122 14
373 429 39
373 258 47
373 273 15
373 252 18
374 532 37
374 440 0
374 118 6
374 671 49
375 540 35
375 143 46
375 354 29
375 40 1
376 247 22
376 432 41
376 171 23
376 680 39
377 227 1
377 142 32
377 52 14
377 352 47
378 410 34
378 520 12
378 320 44
378 456 7
379 134 18
379 567 33
379 363 28
379 161 21
380 399 2
380 197 20
380 653 39
380 236 30
381 415 38
381 678 48
381 331 8
381 546 45
382 292 43
382 520 4
382 23 40
382 19 45
383 65 7
383 396 18
383 122 23
383 490 33
384 356 42
384 540 50
384 446 29
384 87 45
385 373 26
385 250 18
385 31 28
385 240 24
386 384 11
386 232 8
386 614 17
386 148 20
387 287 34
387 195 1
387 73 16
387 136 40
388 259 11
388 96 33
388 494 30
388 47 4
389 293 44
389 640 35
389 364 21
389 513 10
390 260 46
390 364 48
390 547 34
390 103 34
391 239 17
391 24 20
391 224 45
391 477 31
392 129 43
392 581 3
392 458 16
392 68 21
393 300 16
393 440 29
393 12 9
393 29 15
394 285 38
394 163 33
394 616 11
394 380 35
395 4 31
395 689 49
395 156 11
395 337 46
396 709 19
396 160 28
396 152 31
396 390 4
397 327 41
397 446 42
397 72 27
397 690 28
398 703 37
398 317 13
398 422 13
398 309 20
399 203 3
399 60 20
399 222 11
399 327 19
400 215 28
400 693 7
400 310 31
400 234 12
401 186 48
401 50 25
401 263 28
401 426 7
402 71 20
402 180 20
402 409 16
402 458 32
403 533 15
403 434 4
403 344 29
403 70 11
404 423 11
404 378 31
404 470 40
404 642 24
405 264 46
405 118 16
405 714 5
405 522 37
406 435 45
406 436 20
406 631 40
406 192 37
407 573 1
407 519 5
407 712 17
407 284 28
408 116 15
408 308 46
408 362 23
408 174 18
409 61 48
409 40 11
409 102 20
409 361 47
410 115 19
410 475 43
410 492 47
410 75 25
411 438 26
411 460 39
411 98 44
411 591 24
412 720 38
412 246 34
412 633 40
412 597 46
413 380 17
413 25 18
413 322 23
413 533 39
414 78 8
414 396 50
414 390 39
414 309 7
415 199 7
415 419 28
415 564 45
415 283 50
416 594 33
416 626 13
416 632 10
416 569 24
417 168 18
417 588 44
417 613 18
417 662 43
418 384 48
418 211 36
418 83 21
418 321 19
419 188 45
419 589 10
419 711 47
419 93 12
420 719 32
420 329 1
420 511 18
420 66 4
421 2 26
421 183 7
421 440 35
421 245 35
422 659 31
422 344 10
422 408 43
422 447 48
423 699 14
423 410 21
423 107 37
423 121 18
424 708 36
424 238 30
424 146 17
424 18 4
425 680 28
425 234 37
425 472 42
425 586 21
426 96 30
426 374 6
426 656 20
426 379 36
427 97 24
427 336 7
427 51 17
427 282 15
428 717 2
428 372 16
428 476 28
428 595 4
429 381 9
429 192 18
429 62 19
429 655 29
430 602 39
430 591 20
430 334 3
430 106 6
431 514 32
431 470 3
431 342 41
431 369 8
432 430 34
432 14 16
432 305 40
432 255 20
433 87 47
433 114 35
433 106 46
433 410 40
434 218 13
434 653 17
434 529 22
434 18 17
435 210 6
435 130 14
435 168 39
435 542 8
436 655 17
436 508 29
436 705 44
436 521 0
437 516 26
437 699 13
437 238 28
437 142 18
438 405 47
438 92 7
438 116 0
438 695 4
439 104 1
439 702 39
439 264 43
439 492 7
440 515 27
440 304 26
440 724 30
440 333 24
441 560 23
441 444 25
441 103 22
441 436 37
442 177 47
442 466 19
442 461 20
442 165 14
443 159 41
443 636 48
443 26 34
443 204 7
444 407 28
444 571 46
444 221 39
444 420 26
445 490 29
445 673 38
445 272 10
445 713 49
446 471 35
446 515 28
446 28 10
446 361 49
447 77 30
447 450 1
447 393 45
447 723 39
448 356 22
448 349 47
448 673 39
448 347 26
449 242 45
449 400 35
449 706 26
449 691 39
450 546 45
450 237 2
450 281 25
450 633 44
451 31 18
451 717 10
451 279 34
451 475 16
452 197 1
452 705 8
452 725 49
452 668 49
453 149 11
453 118 48
453 651 3
453 345 27
454 88 48
454 381 5
454 694 20
454 624 13
455 659 39
455 281 0
455 101 37
455 255 36
456 311 18
456 541 28
456 605 37
456 80 27
457 465 34
457 160 26
457 315 1
457 18 36
458 713 31
458 77 44
458 20 28
458 238 7
459 226 15
459 309 20
459 510 38
459 610 28
460 12 15
460 17 22
460 586 47
460 456 24
461 307 28
461 151 39
461 643 6
461 275 23
462 276 43
462 667 21
462 202 32
462 435 6
463 270 35
463 306 9
463 673 23
463 86 25
464 540 48
464 120 30
464 446 25
464 355 39
465 137 27
465 359 24
465 630 4
465 593 2
466 560 19
466 411 8
466 200 39
466 251 22
467 721 46
467 497 4
467 719 29
467 399 22
468 35 36
468 181 6
468 11 17
468 51 22
469 8 22
469 160 17
469 699 32
469 669 45
470 322 12
470 510 22
470 706 33
470 473 25
471 519 39
471 288 11
471 59 43
471 28 42
472 18 36
472 208 2
472 651 46
472 188 36
473 626 48
473 484 44
473 89 27
473 568 29
474 205 35
474 620 49
474 196 50
474 107 15
475 493 12
475 492 30
475 488 27
475 590 15
476 218 17
476 194 39
476 247 34
476 137 47
477 101 48
477 531 1
477 160 29
477 615 13
478 592 39
478 270 43
478 258 25
478 491 2
479 593 8
479 412 5
479 201 48
479 388 6
480 251 40
480 83 32
480 413 29
480 403 6
481 76 6
481 365 33
481 356 25
481 699 41
482 184 39
482 436 3
482 418 46
482 421 27
483 361 29
483 648 1
483 508 43
483 206 12
484 90 24
484 347 40
484 43 7
484 290 45
485 361 22
485 579 50
485 169 34
485 240 35
486 337 15
486 543 26
486 247 48
486 441 37
487 644 15
487 366 27
487 580 28
487 358 33
488 250 7
488 62 17
488 189 16
488 91 0
489 582 29
489 294 32
489 634 18
489 521 2
490 725 8
490 662 26
490 279 45
490 664 11
491 610 22
491 138 34
491 436 21
491 726 4
492 219 36
492 402 38
492 718 34
492 429 19
493 141 27
493 728 6
493 29 22
493 92 5
494 650 25
494 156 8
494 293 25
494 38 11
495 587 17
495 373 47
495 221 13
495 98 18
496 65 48
496 228 46
496 705 37
496 37 4
497 326 25
497 100 42
497 399 11
497 97 40
498 105 5
498 339 4
498 227 30
498 686 32
499 639 31
499 10 6
499 161 47
499 405 48
500 247 43
500 538 2
500 222 26
500 129 40
501 710 1
501 255 1
501 192 5
501 370 8
502 92 10
502 433 10
502 215 22
502 728 23
503 610 9
503 159 0
503 682 42
503 297 48
504 200 9
504 131 41
504 118 31
504 718 44
505 675 44
505 728 23
505 239 22
505 421 43
506 700 6
506 232 43
506 403 46
506 688 18
507 80 8
507 275 35
507 68 16
507 619 32
508 586 20
508 594 19
508 142 5
508 564 11
509 543 25
509 715 25
509 167 36
509 255 39
510 459 26
510 421 42
510 476 23
510 203 14
511 244 37
511 26 36
511 672 37
511 435 27
512 259 16
512 307 20
512 20 43
512 672 32
513 347 48
513 298 39
513 708 2
513 402 11
514 721 11
514 507 32
514 83 18
514 148 47
515 180 27
515 194 43
515 720 17
515 107 14
516 300 2
516 327 43
516 612 0
516 59 36
517 221 32
517 701 21
517 419 5
517 626 32
518 62 29
518 259 10
518 502 15
518 288 0
519 472 5
519 404 15
519 436 26
519 385 33
520 349 34
520 204 37
520 375 15
520 346 44
521 141 9
521 570 13
521 113 34
521 563 18
522 646 16
522 545 48
522 700 36
522 633 24
523 394 22
523 163 5
523 723 2
523 480 42
524 684 4
524 519 20
524 278 22
524 6 32
525 248 46
525 236 4
525 246 2
525 447 25
526 623 50
526 677 27
526 513 38
526 112 20
527 8 4
527 473 1
527 549 26
527 566 23
528 369 30
528 420 15
528 137 35
528 67 34
529 134 0
529 209 9
529 448 18
529 377 14
530 542 46
530 678 37
530 45 12
530 71 1
531 230 8
531 131 9
531 666 0
531 554 2
532 264 9
532 20 11
532 58 47
532 503 5
533 250 35
533 204 14
533 7 48
533 475 5
534 622 36
534 281 36
534 31 41
534 482 4
535 307 46
535 123 5
535 600 44
535 474 13
536 140 7
536 35 25
536 607 39
536 84 29
537 591 6
537 695 50
537 63 20
537 347 28
538 173 17
538 568 23
538 518 40
538 444 44
539 17 26
539 366 41
539 164 50
539 400 11
540 376 32
540 115 45
540 189 41
540 294 38
541 85 21
541 546 14
541 558 9
541 685 19
542 528 34
542 523 44
542 385 28
542 216 19
543 392 33
543 278 41
543 194 47
543 331 20
544 455 35
544 69 4
544 274 14
544 94 3
545 487 37
545 241 11
545 343 19
545 573 34
546 130 21
546 52 0
546 192 9
546 451 50
547 339 17
547 638 8
547 362 41
547 586 23
548 581 14
548 558 17
548 549 5
548 482 8
549 661 1
549 420 18
549 679 37
549 292 11
550 208 38
550 568 15
550 177 45
550 232 36
551 25 27
551 345 23
551 637 47
551 605 44
552 136 11
552 175 21
552 269 38
552 9 28
553 36 7
553 277 39
553 204 30
553 554 6
554 524 36
554 727 15
554 724 25
554 454 47
555 368 0
555 493 36
555 589 12
555 259 16
556 677 37
556 555 28
556 366 46
556 533 49
557 253 44
557 623 27
557 77 24
557 389 11
558 713 33
558 36 0
558 509 26
558 408 11
559 10 50
559 152 29
559 11 17
559 654 16
560 721 48
560 424 28
560 722 20
560 121 17
561 566 43
561 241 37
561 330 28
561 24 8
562 359 49
562 200 50
562 507 27
562 504 49
563 460 29
563 660 32
563 521 46
563 408 32
564 191 43
564 203 37
564 673 6
564 183 49
565 325 32
565 149 50
565 449 4
565 192 15
566 451 41
566 241 39
566 676 43
566 240 42
567 184 12
567 565 50
567 352 18
567 142 37
568 379 18
568 395 44
568 689 11
568 414 44
569 140 32
569 29 23
569 328 27
569 633 40
570 437 13
570 687 48
570 431 18
570 233 34
571 552 18
571 29 41
571 255 8
571 216 23
572 341 12
572 130 41
572 696 44
572 282 15
573 608 34
573 489 39
573 80 23
573 137 3
574 475 42
574 2 4
574 320 31
574 262 9
575 657 37
575 647 37
575 509 49
575 689 40
576 538 9
576 121 21
576 224 49
576 452 17
577 87 50
577 650 30
577 189 3
577 38 40
578 527 45
578 488 16
578 385 39
578 460 40
579 272 49
579 675 23
579 231 29
579 671 5
580 616 13
580 508 0
580 666 0
580 602 40
581 417 7
581 598 29
581 629 11
581 134 20
582 613 35
582 50 38
582 233 9
582 8 10
583 502 7
583 570 32
583 329 20
583 455 21
584 106 32
584 93 16
584 625 8
584 496 9
585 341 44
585 609 8
585 719 49
585 371 49
586 60 18
586 262 17
586 553 45
586 379 39
587 330 34
587 477 21
587 115 42
587 75 30
588 503 46
588 134 12
588 239 50
588 271 36
589 4 17
589 483 31
589 396 48
589 73 41
590 432 4
590 61 28
590 635 10
590 549 25
591 345 47
591 661 5
591 390 26
591 598 34
592 676 37
592 204 7
592 557 26
592 599 32
593 115 10
593 179 44
593 99 30
593 680 30
594 124 27
594 339 36
594 53 13
594 392 42
595 564 35
595 444 24
595 159 3
595 639 20
596 435 16
596 230 45
596 124 8
596 541 22
597 275 33
597 636 41
597 182 41
597 453 20
598 154 18
598 189 44
598 226 23
598 380 5
599 643 13
599 197 47
599 660 32
599 217 49
600 622 38
600 616 40
600 209 46
600 636 40
601 421 30
601 163 14
601 619 25
601 549 3
602 347 3
602 484 27
602 157 19
602 313 18
603 615 38
603 617 38
603 98 48
603 132 41
604 79 45
604 596 4
604 576 44
604 673 5
605 567 43
605 422 31
605 648 37
605 647 4
606 716 21
606 350 37
606 226 5
606 699 43
607 590 31
607 651 12
607 91 16
607 512 1
608 684 50
608 569 1
608 724 6
608 458 50
609 266 50
609 561 3
609 80 4
609 553 8
610 44 30
610 41 45
610 581 16
610 716 0
611 251 31
611 374 33
611 26 34
611 3 21
612 277 2
612 571 11
612 31 23
612 617 35
613 679 50
613 90 43
613 647 13
613 710 36
614 257 0
614 100 45
614 561 41
614 176 0
615 126 20
615 153 35
615 518 49
615 187 25
616 457 50
616 379 42
616 599 8
616 223 13
617 354 30
617 302 32
617 389 0
617 157 44
618 482 24
618 123 4
618 38 47
618 442 34
619 279 17
619 133 49
619 569 12
619 512 0
620 175 25
620 25 45
620 74 32
620 703 20
621 140 21
621 125 1
621 34 9
621 244 46
622 108 31
622 31 38
622 116 3
622 706 30
623 270 37
623 59 5
623 444 7
623 406 42
624 683 30
624 14 23
624 247 15
624 473 50
625 385 19
625 156 31
625 151 36
625 9 19
626 211 44
626 111 8
626 394 12
626 140 50
627 542 34
627 37 6
627 365 45
627 117 30
628 653 6
628 485 24
628 601 36
628 227 34
629 243 37
629 11 47
629 502 3
629 35 25
630 597 49
630 354 26
630 239 1
630 120 18
631 308 28
631 613 3
631 210 36
631 601 7
632 261 42
632 518 46
632 427 0
632 639 11
633 443 3
633 397 22
633 543 43
633 267 11
634 460 4
634 351 23
634 324 30
634 0 17
635 426 7
635 542 18
635 619 28
635 647 26
636 56 8
636 324 6
636 355 44
636 249 10
637 518 13
637 308 4
637 449 34
637 521 32
638 98 30
638 202 5
638 472 33
638 386 42
639 491 0
639 366 22
639 542 15
639 515 21
640 664 26
640 439 22
640 57 3
640 495 16
641 155 30
641 411 39
641 169 16
641 48 5
642 581 14
642 225 27
642 311 2
642 667 45
643 393 27
643 297 6
643 118 0
643 522 41
644 26 1
644 378 34
644 580 49
644 718 50
645 35 30
645 462 15
645 186 28
645 192 7
646 362 10
646 553 37
646 46 8
646 100 14
647 69 23
647 218 14
647 248 37
647 271 41
648 26 35
648 56 3
648 589 50
648 239 41
649 298 9
649 508 24
649 170 40
649 275 1
650 272 40
650 153 10
650 489 48
650 220 0
651 557 17
651 449 8
651 69 35
651 77 38
652 405 18
652 443 40
652 55 7
652 583 34
653 547 3
653 303 4
653 294 0
653 253 34
654 567 15
654 578 16
654 0 48
654 392 37
655 97 4
655 177 50
655 92 31
655 342 36
656 548 9
656 66 26
656 248 26
656 413 29
657 572 15
657 693 39
657 610 36
657 138 36
658 344 14
658 136 0
658 537 17
658 34 17
659 33 19
659 412 22
659 639 43
659 722 47
660 649 32
660 659 42
660 97 14
660 558 38
661 394 39
661 7 11
661 246 27
661 687 27
662 275 6
662 488 28
662 221 14
662 659 21
663 516 14
663 450 7
663 415 15
663 123 17
664 400 1
664 92 41
664 522 35
664 445 33
665 258 34
665 622 27
665 439 36
665 487 34
666 568 29
666 630 14
666 625 28
666 299 39
667 392 7
667 642 8
667 121 23
667 532 30
668 524 26
668 95 47
668 105 27
668 209 48
669 601 26
669 171 13
669 6 49
669 440 19
670 87 34
670 145 20
670 288 2
670 611 45
671 156 35
671 281 28
671 411 46
671 122 29
672 326 2
672 66 8
672 293 12
672 76 21
673 516 37
673 335 20
673 526 36
673 550 6
674 222 16
674 251 30
674 470 8
674 279 23
675 602 22
675 517 15
675 178 13
675 187 43
676 216 22
676 350 22
676 10 39
676 288 33
677 201 22
677 241 23
677 503 43
677 259 28
678 292 35
678 490 26
678 126 48
678 264 46
679 454 37
679 80 18
679 221 34
679 264 42
680 669 18
680 210 37
680 165 46
680 103 49
681 160 12
681 277 25
681 69 6
681 243 3
682 637 45
682 135 21
682 322 50
682 39 30
683 463 48
683 726 11
683 385 44
683 656 13
684 504 28
684 1 34
684 264 34
684 715 21
685 51 16
685 164 37
685 135 14
685 577 42
686 405 38
686 115 32
686 678 2
686 93 13
687 392 41
687 385 8
687 175 19
687 546 16
688 625 22
688 534 47
688 636 17
688 206 34
689 108 42
689 321 40
689 0 40
689 709 32
690 57 49
690 408 31
690 655 10
690 46 17
691 297 3
691 713 23
691 435 49
691 623 50
692 720 42
692 379 22
692 541 32
692 41 14
693 2 17
693 308 46
693 320 1
693 207 7
694 689 29
694 243 6
694 369 31
694 592 14
695 184 43
695 635 50
695 217 5
695 684 35
696 529 26
696 698 39
696 403 4
696 101 7
697 108 1
697 674 28
697 183 32
697 706 22
698 680 7
698 493 3
698 511 8
698 144 0
699 215 15
699 135 37
699 681 6
699 514 35
700 677 17
700 70 33
700 381 50
700 289 6
701 265 25
701 111 14
701 455 2
701 140 1
702 717 39
702 248 50
702 94 26
702 678 12
703 601 3
703 297 43
703 395 3
703 574 9
704 417 8
704 176 25
704 451 19
704 384 20
705 363 47
705 524 42
705 428 21
705 3 14
706 115 29
706 279 2
706 709 6
706 543 34
707 253 16
707 201 6
707 689 10
707 547 11
708 545 16
708 145 12
708 288 4
708 79 30
709 488 26
709 503 1
709 521 10
709 278 23
710 495 33
710 193 32
710 116 34
710 152 43
711 320 37
711 24 24
711 412 33
711 681 14
712 631 35
712 99 4
712 36 34
712 507 35
713 42 47
713 282 19
713 234 32
713 132 10
714 650 7
714 620 33
714 151 6
714 523 35
715 649 2
715 240 50
715 335 39
715 520 35
716 185 34
716 524 15
716 344 26
716 528 4
717 47 45
717 463 27
717 153 8
717 141 3
718 261 36
718 411 38
718 275 36
718 583 2
719 555 22
719 84 16
719 354 31
719 211 11
720 480 10
720 634 41
720 179 36
720 410 27
721 152 6
721 558 13
721 62 1
721 59 24
722 549 26
722 712 34
722 346 23
722 443 31
723 19 8
723 657 44
723 682 5
723 615 49
724 537 34
724 50 35
724 397 33
724 257 37
725 89 44
725 264 50
725 62 39
725 361 39
726 674 37
726 198 40
726 70 30
726 276 26
727 714 23
727 363 5
727 654 44
727 320 49
728 305 2
728 34 33
728 135 24
728 236 10
