0 19 13
0 26 3
1 28 4
1 78 41
2 17 46
2 23 7
3 15 0
3 2 40
4 5 33
4 64 3
5 68 2
5 33 43
6 3 33
6 68 4
7 53 31
7 10 29
8 63 8
8 54 3
9 59 17
9 28 0
10 18 44
10 32 35
11 4 46
11 56 24
12 38 38
12 2 23
13 16 21
13 12 22
14 16 24
14 7 42
15 39 18
15 69 23
16 54 24
16 18 45
17 66 33
17 63 26
18 60 20
18 49 9
19 69 36
19 77 16
20 8 15
20 65 24
21 56 31
21 41 28
22 28 42
22 32 34
23 46 16
23 25 24
24 16 20
24 58 36
25 37 22
25 24 35
26 39 4
26 52 10
27 19 27
27 53 16
28 55 22
28 63 37
29 25 4
29 52 5
30 69 21
30 53 47
31 17 46
31 16 0
32 46 47
32 22 33
33 45 35
33 59 23
34 76 15
34 17 10
35 56 8
35 25 20
36 5 0
36 49 0
37 77 1
37 11 45
38 39 40
38 37 40
39 2 32
39 31 15
40 12 28
40 48 33
41 47 48
41 34 35
42 77 0
42 54 8
43 35 11
43 73 30
44 33 36
44 9 18
45 50 39
45 42 27
46 64 39
46 9 30
47 36 11
47 68 26
48 8 31
48 21 25
49 34 44
49 7 29
50 79 23
50 20 25
51 2 12
51 73 47
52 17 36
52 47 10
53 58 44
53 62 12
54 34 37
54 30 45
55 19 39
55 31 6
56 25 42
56 50 10
57 21 25
57 13 11
58 31 39
58 23 8
59 77 10
59 74 36
60 0 22
60 6 9
61 69 30
61 44 7
62 17 31
62 2 47
63 3 26
63 31 27
64 33 37
64 57 12
65 23 10
65 44 47
66 79 35
66 5 39
67 49 23
67 26 4
68 59 23
68 42 41
69 13 32
69 45 10
70 78 41
70 12 34
71 42 45
71 68 7
72 3 29
72 21 8
73 62 36
73 38 18
74 30 33
74 22 26
75 80 45
75 16 38
76 50 11
76 39 2
77 24 8
77 66 32
78 54 9
78 57 50
79 43 29
79 5 43
80 6 30
80 23 11
