0 19 13
0 107 3
0 109 4
1 159 41
1 17 46
1 23 7
2 177 0
2 81 40
2 162 17
3 179 40
3 79 20
3 198 39
4 76 45
4 215 5
4 10 29
5 144 8
5 135 3
5 221 17
6 109 0
6 18 44
6 194 35
7 85 46
7 218 24
7 200 38
8 83 23
8 97 21
8 174 22
9 178 24
9 169 42
9 39 18
10 69 23
10 54 24
10 18 45
11 147 33
11 225 26
11 60 20
12 49 9
12 150 36
12 77 16
13 170 15
13 146 24
13 218 31
14 41 28
14 28 42
14 113 34
15 46 16
15 25 24
15 97 20
16 220 36
16 118 22
16 186 35
17 120 4
17 133 10
17 19 27
18 134 16
18 136 22
18 225 37
19 187 4
19 214 5
19 150 21
20 215 47
20 17 46
20 178 0
21 46 47
21 184 33
21 207 35
22 59 23
22 157 15
22 115 10
23 59 29
23 106 11
23 167 0
24 49 0
24 158 1
24 92 45
25 120 40
25 199 40
25 83 32
26 193 15
26 12 28
26 210 33
27 209 48
27 115 35
27 158 0
28 54 8
28 35 11
28 235 30
29 33 36
29 171 18
29 50 39
30 126 27
30 27 27
30 42 7
31 176 24
31 149 6
31 89 31
32 183 25
32 34 44
32 49 29
33 125 34
33 79 47
33 182 25
34 213 12
34 215 17
34 168 1
35 103 38
35 182 23
35 225 46
36 169 5
36 27 43
36 108 18
37 6 37
37 60 28
37 193 4
38 13 8
38 155 3
38 39 34
39 224 49
39 13 23
39 132 41
40 46 2
40 21 33
40 216 6
41 40 27
41 49 50
41 14 41
42 239 20
42 123 9
42 73 31
43 174 33
43 64 45
43 50 41
44 206 20
44 126 46
44 130 11
45 107 4
45 221 23
45 123 41
46 175 32
46 126 10
46 240 41
47 174 34
47 42 45
47 68 7
48 84 29
48 21 8
48 143 36
49 200 18
49 192 33
49 103 26
50 80 45
50 178 38
50 131 11
51 201 2
51 24 8
51 158 32
52 171 48
52 149 33
52 47 15
53 118 16
53 111 41
53 212 9
54 75 41
54 232 8
54 51 49
55 91 50
55 149 12
55 196 36
56 148 33
56 209 20
56 215 28
57 127 0
57 112 32
57 30 24
58 104 42
58 230 13
58 38 44
59 57 30
59 19 23
59 210 13
60 71 50
60 192 14
60 129 0
61 180 42
61 198 6
61 80 22
62 186 18
62 12 7
62 53 21
63 160 40
63 238 40
63 141 22
64 199 28
64 36 14
64 66 16
65 142 24
65 168 25
65 187 7
66 71 14
66 168 39
66 87 23
67 37 17
67 195 43
67 19 14
68 174 40
68 204 44
68 41 11
69 80 37
69 111 35
69 119 10
70 43 40
70 150 44
70 97 36
71 185 18
71 43 50
71 73 27
72 54 47
72 114 44
72 200 25
73 59 21
73 160 36
73 121 0
74 20 40
74 203 39
74 180 2
75 158 45
75 77 46
75 175 46
76 53 14
76 235 39
76 93 8
77 70 48
77 218 39
77 224 43
78 175 26
78 231 20
78 190 4
79 66 33
79 43 48
79 220 29
80 236 39
80 164 24
80 28 24
81 65 18
81 67 45
81 210 17
82 116 2
82 76 10
82 88 8
83 122 8
83 150 12
83 170 46
84 151 13
84 134 13
84 35 41
85 106 49
85 26 4
85 125 32
86 56 50
86 103 40
86 124 30
87 126 31
87 196 8
87 180 37
88 25 37
88 19 2
88 51 40
89 12 30
89 115 45
89 0 43
90 192 33
90 94 44
90 73 36
91 30 1
91 231 26
91 134 40
92 211 23
92 42 34
92 103 25
93 13 19
93 168 24
93 192 37
94 118 44
94 124 34
94 119 24
95 82 25
95 199 5
95 228 16
96 123 33
96 121 6
96 84 43
97 169 27
97 7 27
97 236 15
98 227 22
98 63 43
98 26 17
99 181 47
99 170 31
99 188 30
100 223 50
100 93 14
100 228 13
101 108 42
101 155 32
101 201 23
102 146 48
102 21 48
102 167 21
103 58 50
103 106 50
103 208 44
104 79 36
104 194 8
104 115 19
105 106 10
105 46 21
105 16 34
106 15 14
106 19 4
106 227 5
107 184 2
107 39 43
107 187 24
108 200 11
108 111 35
108 239 34
109 196 34
109 216 2
109 168 42
110 161 37
110 177 36
110 125 21
111 42 46
111 19 46
111 136 50
112 226 13
112 154 28
112 94 7
113 187 16
113 123 0
113 39 0
114 22 1
114 57 32
114 119 15
115 224 40
115 147 29
115 183 35
116 141 23
116 231 16
116 214 48
117 101 48
117 213 40
117 164 7
118 140 45
118 182 15
118 99 39
119 101 31
119 47 25
119 117 32
120 119 20
120 135 42
120 104 20
121 26 10
121 144 2
121 140 49
122 146 26
122 162 39
122 19 47
123 43 37
123 238 48
123 135 8
124 231 3
124 123 21
124 162 45
125 97 24
125 145 45
125 103 23
126 82 25
126 84 11
126 232 41
127 71 28
127 133 29
127 164 14
128 123 26
128 125 21
128 113 29
129 239 32
129 128 2
129 154 25
130 159 14
130 40 46
130 9 18
131 66 19
131 79 25
131 88 34
132 68 47
132 62 28
132 100 46
133 13 34
133 117 21
133 65 1
134 35 14
134 44 45
134 68 24
135 53 34
135 194 7
135 223 7
136 225 1
136 55 0
136 4 18
137 95 47
137 205 34
137 39 31
138 126 4
138 39 33
138 94 30
139 193 2
139 111 24
139 188 25
140 76 5
140 148 48
140 63 36
141 69 19
141 52 31
141 117 23
142 28 20
142 187 19
142 238 46
143 73 5
143 32 2
143 181 45
144 63 8
144 31 11
144 18 43
145 122 4
145 80 44
145 162 50
146 95 31
146 59 36
146 177 0
147 73 2
147 27 9
147 42 15
148 127 26
148 86 2
148 70 3
149 110 22
149 47 9
149 185 49
150 73 21
150 240 6
150 38 35
151 213 38
151 188 39
151 172 37
152 69 29
152 173 16
152 67 36
153 227 22
153 126 27
153 16 37
154 197 12
154 6 20
154 24 46
155 137 45
155 129 2
155 25 32
156 125 31
156 229 41
156 189 21
157 24 49
157 68 43
157 103 48
158 199 11
158 210 1
158 165 26
159 61 30
159 149 25
159 172 37
160 155 5
160 114 16
160 153 47
161 224 1
161 81 14
161 192 26
162 95 32
162 42 44
162 227 20
163 183 20
163 176 41
163 105 34
164 148 32
164 193 17
164 19 1
165 18 20
165 31 32
165 157 41
166 171 3
166 73 8
166 88 45
167 63 18
167 209 18
167 155 45
168 201 44
168 97 16
168 186 47
169 181 25
169 104 5
169 157 41
170 165 23
170 123 17
170 97 48
171 77 28
171 120 41
171 146 47
172 96 34
172 139 2
172 215 41
173 168 21
173 142 0
173 31 25
174 155 16
174 101 4
174 224 39
175 240 4
175 201 8
175 7 46
176 46 29
176 116 27
176 124 17
177 164 29
177 143 27
177 210 2
178 29 2
178 215 41
178 121 30
179 114 0
179 240 29
179 167 23
180 186 1
180 222 21
180 98 44
181 2 20
181 179 30
181 123 17
182 53 32
182 5 18
182 75 18
183 9 23
183 71 24
183 134 16
184 223 28
184 116 29
184 226 5
185 149 27
185 3 15
185 180 16
186 129 33
186 185 5
186 24 35
187 241 18
187 21 27
187 176 35
188 200 31
188 112 41
188 203 12
189 206 17
189 239 6
189 234 7
190 105 15
190 123 34
190 208 23
191 28 46
191 229 37
191 227 6
192 70 5
192 208 36
192 86 2
193 188 31
193 100 28
193 56 5
194 53 11
194 48 24
194 43 17
195 19 39
195 81 29
195 3 13
196 136 11
196 132 41
196 209 49
197 135 11
197 238 16
197 221 6
198 64 36
198 45 14
198 92 0
199 90 12
199 126 23
199 169 31
200 43 2
200 10 19
200 205 37
201 156 39
201 167 35
201 105 48
202 113 22
202 229 45
202 211 25
203 216 4
203 181 0
203 222 46
204 49 46
204 217 21
204 200 26
205 64 47
205 78 41
205 206 35
206 73 27
206 6 24
206 129 9
207 46 7
207 49 36
207 237 32
208 201 38
208 110 12
208 91 48
209 232 44
209 181 21
209 144 9
210 21 25
210 218 36
210 173 19
211 203 40
211 89 35
211 70 38
212 52 7
212 204 32
212 76 44
213 218 1
213 119 23
213 88 3
214 16 0
214 236 2
214 191 19
215 12 44
215 129 45
215 56 41
216 31 36
216 138 26
216 125 22
217 79 1
217 78 41
217 124 22
218 55 17
218 184 9
218 7 34
219 132 17
219 206 3
219 34 20
220 4 16
220 188 10
220 100 8
221 30 34
221 198 49
221 60 4
222 209 45
222 240 16
222 196 28
223 25 45
223 80 5
223 51 43
224 163 8
224 148 10
224 187 26
225 92 0
225 162 0
225 218 8
226 190 37
226 227 15
226 95 26
227 0 3
227 2 32
227 42 37
228 209 1
228 34 35
228 159 27
229 5 16
229 65 45
229 51 4
230 205 8
230 141 24
230 137 46
231 159 7
231 119 49
231 56 40
232 206 47
232 217 14
232 17 11
233 37 47
233 102 24
233 97 17
234 99 0
234 172 24
234 47 27
235 166 40
235 139 15
235 165 2
236 18 33
236 12 39
236 215 35
237 155 42
237 192 49
237 188 50
238 191 8
238 133 8
238 160 49
239 31 34
239 224 39
239 110 13
240 179 23
240 92 22
240 25 6
241 165 0
241 79 32
241 175 4
242 123 35
242 217 6
242 11 7
