0 25 11
0 51 12
0 29 6
0 45 19
0 1 14
0 21 6
0 43 14
1 29 13
1 17 4
1 59 5
1 62 12
1 36 6
1 40 2
1 42 4
1 20 12
1 9 17
1 8 10
1 46 18
1 56 6
1 58 19
1 34 1
1 3 10
1 55 16
1 27 8
1 21 13
1 25 3
1 6 11
1 44 14
1 38 13
1 54 19
1 19 7
1 51 7
1 41 16
1 10 10
1 30 19
1 14 12
1 57 19
1 52 6
2 49 18
2 8 19
2 19 8
2 34 14
2 20 2
2 37 13
2 5 7
2 55 4
3 32 16
3 33 8
3 54 6
3 13 11
3 60 18
3 10 8
3 24 10
3 22 4
3 37 15
3 17 13
3 34 4
3 47 8
3 19 18
3 51 12
3 31 20
4 19 5
4 60 7
4 46 19
4 63 19
4 16 20
4 11 12
4 13 13
4 40 7
4 31 2
4 3 12
4 43 15
4 12 11
4 5 16
4 29 19
4 55 19
4 28 3
4 62 11
4 34 3
4 22 11
4 50 19
5 50 3
5 32 19
5 39 11
5 19 5
5 11 19
5 52 2
5 45 18
5 24 12
5 36 9
5 35 6
5 62 1
5 8 19
5 60 5
5 43 1
5 22 9
5 12 3
5 51 2
5 41 2
5 33 20
5 34 2
5 25 4
5 27 4
6 52 18
6 20 19
6 42 8
6 18 11
6 14 13
6 46 8
6 50 6
6 56 7
7 15 17
7 54 15
7 16 19
7 47 13
7 28 5
7 42 12
7 37 5
7 13 4
7 50 7
7 59 20
7 11 8
7 36 6
7 58 15
7 26 4
7 53 18
7 21 14
7 40 17
7 48 8
7 49 3
7 29 1
7 17 16
7 30 8
7 57 9
7 3 7
7 63 9
7 41 3
7 19 19
7 20 1
7 44 11
7 14 1
7 33 14
7 61 11
8 46 10
8 43 18
8 41 9
8 52 2
8 0 12
8 37 4
8 45 9
8 26 9
8 4 9
8 35 3
8 53 20
8 47 11
8 61 4
8 36 7
8 18 16
8 38 3
9 47 7
9 23 13
9 30 20
9 59 4
10 53 8
11 15 15
11 48 16
11 53 10
12 58 3
12 47 8
13 30 5
13 5 14
13 24 7
13 23 20
13 63 13
13 43 17
13 34 1
13 52 8
13 51 13
13 6 5
13 22 6
13 19 12
13 61 16
13 59 7
13 11 10
13 0 12
13 32 4
13 53 17
13 31 11
14 26 17
14 18 15
14 34 9
14 37 11
14 38 8
15 16 3
15 41 19
15 17 4
16 3 2
16 37 9
16 52 11
16 63 19
16 53 2
16 51 16
16 60 14
16 19 19
16 26 16
16 24 13
16 29 3
16 31 4
16 54 1
17 52 18
17 24 4
17 31 4
17 13 9
17 57 9
17 39 17
17 50 6
17 41 13
17 12 18
17 28 3
17 22 12
17 33 9
17 56 11
17 30 8
17 44 11
17 34 2
17 25 1
17 45 8
17 46 14
17 36 7
17 20 8
17 54 13
18 31 4
18 36 17
18 55 11
18 59 5
18 41 4
18 22 19
18 12 19
18 53 14
18 5 17
18 33 5
19 47 4
19 18 4
19 35 9
19 15 18
19 27 6
19 45 11
19 11 17
19 39 7
19 59 3
19 0 13
19 61 9
19 8 6
19 60 8
19 53 7
19 12 15
19 31 17
20 28 3
20 59 18
20 25 4
20 51 2
20 38 1
20 18 11
20 52 4
20 23 2
20 11 8
20 60 9
20 24 5
20 9 2
20 10 1
20 12 1
20 34 10
20 14 14
20 56 7
20 54 7
20 57 6
20 46 2
21 3 16
21 13 14
21 61 5
21 26 3
22 47 8
22 62 9
22 14 10
22 36 15
22 58 11
22 52 18
22 32 20
22 33 4
22 43 15
22 42 11
22 31 1
22 39 9
22 38 19
23 17 7
23 29 2
23 5 4
23 62 9
23 50 15
23 49 17
23 37 9
23 2 3
23 57 10
23 14 16
23 31 3
23 63 6
23 8 19
23 11 6
23 38 6
23 4 9
23 35 12
23 43 8
24 61 7
24 0 11
24 36 17
24 28 20
24 6 11
24 48 7
24 38 12
24 22 17
24 29 4
24 33 15
24 25 6
24 14 17
24 52 18
24 55 4
24 49 9
24 63 11
25 16 1
25 43 1
25 51 19
25 39 11
25 31 20
26 22 11
26 17 8
26 42 7
26 5 18
26 60 11
26 35 3
26 12 15
26 34 17
26 31 12
26 9 7
26 20 4
26 51 8
26 32 4
26 11 10
26 37 7
26 59 16
27 40 7
27 45 16
27 47 4
27 43 10
27 59 4
27 24 4
27 2 17
27 15 13
27 36 16
27 51 12
27 29 4
27 17 13
27 34 18
27 60 15
27 8 6
27 21 12
27 61 14
27 25 18
28 10 17
28 0 3
28 13 19
29 52 5
29 40 4
29 38 2
29 21 13
29 43 15
29 30 13
29 59 6
29 25 6
29 56 9
29 50 16
29 32 12
29 55 19
29 41 8
29 33 2
29 48 20
29 49 1
29 18 14
30 52 18
30 14 3
30 19 11
30 23 13
30 21 10
30 43 2
31 21 13
31 35 5
31 62 1
31 53 16
31 41 15
31 9 19
31 48 15
31 28 8
31 39 17
31 61 8
31 55 1
31 27 13
31 45 3
31 56 16
31 37 13
31 6 9
32 37 4
32 59 6
32 60 14
32 56 17
32 50 5
32 41 17
32 27 19
33 59 10
33 16 2
33 61 19
33 4 15
33 57 15
33 28 1
33 43 16
33 8 14
34 38 14
34 35 15
34 39 13
34 36 10
34 63 20
34 51 12
34 55 8
34 48 5
34 33 9
34 18 1
34 58 2
34 54 14
34 24 17
35 58 1
35 17 13
35 6 10
35 12 4
35 50 6
35 47 5
35 44 10
35 52 19
35 21 15
35 29 6
35 62 20
35 63 3
35 11 1
35 61 13
35 28 10
35 2 19
35 0 1
35 54 4
35 22 12
35 60 12
35 40 5
37 52 8
37 54 19
37 42 11
37 34 12
37 51 10
37 25 15
37 50 19
37 47 19
37 15 14
37 13 16
37 11 14
38 43 13
38 12 13
38 19 12
38 60 5
38 46 3
38 48 12
38 44 4
38 45 8
38 13 1
38 39 8
38 11 15
38 40 1
38 17 12
38 6 20
38 33 13
38 31 5
38 21 14
38 25 7
38 26 2
38 49 16
39 55 5
39 36 12
39 57 6
39 23 14
39 11 12
41 46 17
41 50 11
41 59 14
41 55 18
41 21 2
41 45 1
41 0 9
41 51 15
41 25 19
41 4 16
41 14 7
41 33 12
41 34 18
41 40 19
41 22 6
42 27 17
42 55 14
42 31 14
42 21 12
42 34 20
42 28 8
42 29 4
43 56 10
43 49 18
43 60 14
43 57 2
43 9 8
43 3 12
43 6 8
43 16 3
43 40 9
43 47 2
43 2 13
43 14 15
43 48 15
43 39 17
43 51 18
43 21 19
43 11 5
43 19 18
43 18 1
44 41 6
44 47 18
44 60 9
44 25 15
44 21 18
44 45 9
44 31 8
44 49 9
44 9 7
44 16 7
44 24 3
44 26 15
44 18 10
44 15 2
44 56 19
44 57 8
44 33 5
44 63 8
44 62 11
44 12 13
44 39 4
46 61 9
46 32 4
46 36 14
46 12 14
46 63 13
46 29 19
46 24 4
48 25 14
48 35 16
48 0 5
48 44 1
48 13 20
48 45 10
48 61 11
48 40 10
48 60 15
48 47 12
48 28 12
48 23 17
48 30 5
48 12 9
48 27 2
48 49 6
48 6 12
48 39 2
48 52 17
48 19 2
48 41 4
49 9 11
49 17 1
53 40 2
53 59 9
53 34 15
53 55 16
53 14 6
53 61 8
55 58 12
55 47 8
55 48 14
55 12 2
55 25 4
55 0 6
55 51 15
55 15 5
56 50 14
56 60 1
56 47 2
56 62 17
56 16 2
56 5 7
56 45 17
56 8 2
56 42 3
56 55 20
56 27 5
56 59 16
57 36 6
57 59 12
57 50 14
57 34 16
57 60 13
57 62 2
57 27 11
57 0 3
57 9 19
57 46 4
57 13 13
57 16 15
59 52 18
59 54 8
59 30 1
59 12 20
59 23 4
59 14 3
59 24 8
59 28 6
59 50 8
59 62 20
60 52 11
60 29 9
60 14 15
60 50 9
60 21 3
60 47 15
60 25 8
60 45 6
60 62 6
60 61 19
60 30 11
60 15 19
61 45 2
61 18 3
61 11 1
61 52 14
61 22 17
61 28 16
61 49 10
61 3 1
61 14 19
61 40 3
61 26 13
62 41 14
62 33 5
62 49 16
